16,1,19,21,19,24,18,30,24,9,10,26,10,12,7,30,13,23,21,14,20,7,26,28,25,8,9,1
17,14,15,5,2,14,20,8,15,5,27,22,7,17,21,17,1,8,20,4,21,10,8,18,6,11,8,10
5,22,26,11,15,18,13,11,24,6,24,27,22,30,16,8,26,29,8,3,17,10,27,18,19,6,10,7
6,27,30,22,6,11,3,24,10,17,7,20,5,10,23,25,14,23,12,22,25,30,23,7,4,6,23,26
25,8,23,10,8,6,6,28,6,3,22,11,27,22,29,10,23,18,29,7,18,2,5,27,24,19,13,6
5,23,19,30,18,8,29,2,24,28,13,29,5,26,19,12,1,2,25,3,2,13,15,16,7,17,9,23
4,27,16,19,24,30,23,14,14,22,23,20,23,27,16,26,6,30,3,23,14,23,26,23,25,10,5,23
9,4,23,2,29,7,29,28,12,24,6,5,3,6,28,9,9,5,10,5,27,19,10,8,14,17,10,12
2,24,25,14,26,1,5,11,30,22,22,17,29,19,14,12,25,28,21,8,25,17,15,21,30,30,26,21
24,16,18,13,28,18,27,19,30,22,10,2,2,18,10,17,14,24,7,9,5,29,13,16,27,2,17,15
9,5,14,26,6,15,18,14,4,9,19,12,23,26,13,3,19,19,6,8,7,28,7,6,24,18,16,25
4,2,17,26,1,12,10,26,9,15,26,18,30,27,14,6,6,25,17,10,17,10,28,8,26,10,8,12
28,8,2,19,29,23,11,2,22,23,11,11,16,17,25,4,23,19,8,11,15,2,1,30,2,6,9,24
5,10,30,22,5,28,28,1,13,8,19,8,17,12,14,13,14,6,24,30,16,25,15,8,2,28,28,27
8,3,17,24,14,17,28,12,24,20,6,18,19,25,21,16,1,1,24,3,18,19,16,26,12,10,8,10
26,23,20,8,1,2,23,11,21,26,24,30,14,2,20,25,1,7,11,22,4,30,8,2,4,25,9,19
17,22,12,5,10,18,17,1,30,29,18,18,2,11,25,6,8,25,20,16,30,22,26,6,30,17,7,27
16,19,4,6,24,5,24,30,14,19,21,26,16,19,25,2,19,23,20,24,5,3,24,9,6,23,20,26
27,7,5,23,12,21,16,12,25,13,24,28,17,26,22,19,4,24,1,12,27,24,18,7,28,14,22,14
25,26,30,1,15,29,3,7,14,29,15,25,3,13,7,6,30,23,7,10,11,5,6,13,23,9,29,4
19,29,26,28,29,3,17,30,13,24,13,19,23,15,6,6,9,6,9,15,17,12,8,5,7,12,3,20
20,18,9,7,30,30,18,16,4,18,26,1,27,8,23,6,10,19,18,26,30,30,5,17,1,15,17,8
22,21,22,17,30,27,10,26,15,7,19,23,27,20,3,22,10,9,18,9,19,2,26,19,25,8,21,21
13,23,7,15,13,11,25,14,26,9,1,30,28,28,22,4,30,25,29,10,28,13,7,22,28,8,20,20
25,4,23,23,7,20,13,23,1,5,10,17,26,19,26,2,9,18,12,22,11,23,19,30,9,11,23,1
17,15,18,6,22,5,19,23,17,8,24,9,15,30,3,26,16,13,14,9,18,6,14,10,27,28,10,3
15,23,14,26,27,13,6,17,17,5,26,22,1,3,15,1,25,3,7,12,20,24,15,27,27,14,13,12
1,9,9,24,26,16,9,24,25,28,12,2,24,17,9,11,17,23,9,16,21,14,15,24,22,28,14,22
9,17,30,14,30,25,16,9,26,2,26,15,25,22,7,27,21,5,18,3,15,4,10,5,6,28,21,18
24,15,3,28,3,18,15,8,29,29,2,29,1,1,16,16,27,24,21,30,8,19,4,17,11,11,7,6
8,25,8,3,5,29,15,12,30,29,13,7,7,30,29,23,3,20,2,15,19,25,8,12,7,22,10,6
12,16,18,22,11,10,1,4,21,30,25,3,17,4,16,29,12,14,24,9,20,11,14,21,9,23,18,13
18,27,26,13,19,9,30,14,12,21,27,27,29,25,2,4,25,30,28,15,10,10,30,23,29,2,16,2
3,27,13,19,23,18,17,25,5,12,14,8,5,2,18,22,18,27,10,25,9,11,27,10,25,3,4,9
27,3,15,18,23,29,12,15,8,8,5,12,9,8,30,14,16,21,11,8,22,9,6,3,23,21,23,22
1,4,25,20,15,8,28,2,27,27,15,6,20,3,14,10,22,28,17,1,12,14,24,4,23,26,17,18
28,13,25,2,7,20,15,4,14,16,28,2,11,28,17,20,6,5,18,19,25,26,11,25,5,22,11,18
11,21,27,19,21,10,5,15,2,14,30,1,19,11,27,6,1,15,21,14,27,4,29,19,9,29,24,2
2,1,28,15,9,28,24,23,19,9,11,1,24,3,19,23,6,18,1,15,30,5,24,20,1,28,21,7
23,9,11,23,17,3,13,2,17,15,22,22,17,4,18,23,5,20,20,25,16,6,13,22,28,9,3,28
7,8,15,12,8,18,1,11,29,19,15,22,20,17,7,21,26,10,29,26,18,2,16,11,8,26,21,17
26,20,25,8,30,16,26,9,1,11,14,29,3,7,24,16,6,29,6,30,29,23,26,19,10,8,10,5
22,4,5,12,27,14,15,10,24,7,23,5,22,28,21,16,26,30,23,11,8,30,6,9,21,22,18,4
24,7,28,22,6,21,17,28,6,3,2,20,23,15,23,29,7,1,8,2,2,10,23,11,15,29,28,23
28,26,22,6,26,11,16,18,9,1,30,1,11,23,10,24,28,4,19,24,8,7,3,21,14,17,3,15
14,18,8,7,24,25,30,11,12,27,24,12,30,5,21,6,1,7,21,9,30,30,13,11,11,5,15,21
23,2,22,9,9,2,4,22,24,23,8,17,23,30,13,2,11,7,25,3,17,27,20,8,27,24,15,14
6,27,27,20,10,10,18,10,6,15,4,28,2,30,13,9,30,4,16,1,18,11,1,5,10,13,5,27
12,15,13,16,17,20,16,27,27,19,7,14,12,3,27,27,4,27,2,18,14,11,8,23,8,14,27,25
27,22,10,28,5,22,29,21,3,18,12,12,14,17,13,11,28,2,20,16,15,5,2,14,12,17,13,1
7,20,9,3,24,21,1,5,10,10,10,20,5,6,25,16,16,20,5,28,29,28,26,6,25,11,11,23
21,26,17,19,10,28,15,13,10,9,18,23,16,8,2,19,23,30,12,10,11,17,29,22,13,15,2,9
25,3,9,13,11,8,14,14,24,21,11,7,21,12,6,7,3,12,12,22,26,7,13,26,30,2,13,5
28,25,6,25,26,6,18,8,30,5,12,8,24,18,26,3,20,5,19,29,11,22,20,1,3,11,14,18
21,14,14,10,26,10,17,29,15,16,12,16,25,29,8,28,1,4,28,9,12,11,7,25,14,14,24,6
6,6,23,15,23,30,18,17,22,2,13,15,2,27,18,4,24,3,5,13,15,22,1,29,14,6,7,10
8,19,27,13,16,12,24,10,24,27,24,25,11,21,7,29,22,13,7,15,23,3,2,11,10,11,22,14
5,24,2,18,23,8,10,3,6,1,29,21,4,9,11,27,10,10,2,24,16,2,7,1,29,23,17,5
18,17,3,5,21,11,5,30,26,6,2,4,12,4,24,22,15,17,11,15,23,5,2,30,10,28,28,4
17,2,20,1,21,5,15,19,28,25,1,24,4,11,2,4,9,29,12,12,9,16,17,12,13,2,13,13
16,3,26,23,13,2,13,24,17,2,13,8,20,5,25,20,17,17,12,12,4,28,22,11,16,16,25,2
16,8,19,19,22,3,4,25,29,8,12,3,29,8,17,8,16,5,23,4,22,27,25,26,21,2,10,18
12,15,7,27,7,12,9,9,14,24,16,17,1,30,21,10,6,9,14,26,11,15,25,12,24,21,11,19
14,23,29,21,23,17,14,15,1,15,26,17,29,8,25,22,19,6,4,23,6,16,20,12,18,14,7,28
20,26,4,16,1,21,26,21,26,25,25,15,16,7,9,22,14,27,28,3,21,4,23,18,18,19,13,28
4,17,3,10,10,17,25,5,12,10,17,9,13,4,27,25,12,19,7,30,7,29,29,22,17,5,7,17
4,16,29,13,8,28,17,10,22,15,6,30,12,5,10,4,11,19,21,17,8,29,7,30,12,14,22,6
18,12,24,6,10,8,1,27,12,4,1,15,18,17,3,27,14,8,18,3,19,25,12,28,14,21,10,6
10,29,2,25,7,12,22,11,22,30,20,4,4,14,22,8,19,7,30,21,26,10,16,5,26,20,17,23
1,27,22,20,29,25,18,13,3,7,9,7,26,22,5,14,18,14,29,6,4,5,9,8,22,20,10,30
14,27,30,17,25,29,10,26,9,1,6,9,27,10,5,12,28,23,26,5,5,3,17,12,22,12,20,27
18,14,28,10,15,18,30,6,8,22,12,27,12,10,5,18,9,20,10,24,30,27,10,29,24,6,25,12
10,18,26,14,9,14,8,26,3,27,24,9,11,30,5,7,12,29,23,26,28,30,4,2,2,27,28,21
4,29,16,10,24,18,26,20,26,28,18,29,3,10,15,13,26,1,14,1,23,4,18,25,14,30,15,11
15,25,12,13,17,18,23,4,11,15,16,23,4,16,12,14,12,24,23,18,16,22,6,2,13,27,29,1
12,21,26,24,4,16,6,2,17,6,13,16,18,11,2,12,16,22,27,7,23,4,14,21,7,27,26,23
19,11,30,20,19,23,23,20,20,22,19,19,10,11,28,7,12,8,1,5,20,25,16,22,1,22,8,9
8,6,18,8,20,13,13,6,6,23,27,25,19,12,22,25,4,9,28,12,7,8,9,29,26,21,4,25
26,9,20,27,15,14,13,15,4,11,29,28,29,22,2,19,12,6,17,9,4,22,18,22,25,27,3,30
27,19,13,30,10,18,11,27,4,30,11,5,29,7,21,23,11,1,14,15,7,20,18,20,4,25,22,4
21,28,3,19,12,13,19,16,28,29,18,11,12,5,16,12,26,13,10,27,1,25,12,25,13,18,24,7
2,23,27,15,27,7,6,6,28,23,23,17,19,6,26,12,13,4,4,2,5,6,25,22,16,26,4,27
16,8,6,24,20,13,15,6,3,3,14,5,30,10,15,3,20,24,8,26,30,1,12,9,15,23,2,26
29,5,29,2,4,10,20,20,17,30,27,7,22,20,9,10,20,30,2,25,22,23,2,23,18,8,27,16
26,27,9,27,11,19,7,28,4,13,1,21,20,25,16,21,27,2,5,10,22,3,20,16,22,8,4,7
4,7,15,26,13,5,25,21,21,1,27,3,14,11,6,8,29,12,5,28,7,12,27,17,4,17,24,24
8,23,6,4,16,1,25,28,28,5,8,16,1,26,30,26,5,3,27,11,27,12,18,10,3,6,30,22
10,28,23,27,12,1,13,28,26,24,17,13,17,9,11,24,4,20,28,12,13,2,12,1,20,13,28,27
6,26,1,10,1,3,19,1,13,11,4,30,13,2,1,12,16,14,25,19,2,24,7,13,9,19,10,9
17,22,8,29,4,16,23,30,23,8,13,14,20,11,12,23,16,29,29,11,1,1,16,6,18,10,26,12
20,18,2,12,24,11,14,21,4,6,27,28,10,1,19,9,2,12,29,22,13,14,28,10,21,29,8,17
7,2,11,25,21,11,11,5,6,1,20,10,27,22,20,11,3,2,2,30,12,8,4,7,11,5,30,6
21,22,22,26,3,28,14,2,25,3,7,29,21,15,3,1,22,19,25,22,24,17,8,20,28,8,6,30
28,5,14,17,12,5,14,14,10,25,8,29,8,18,17,1,25,3,10,27,5,3,16,23,10,8,13,5
15,2,28,25,23,15,5,21,19,21,18,16,1,19,22,27,12,27,15,7,1,8,25,25,29,9,26,25
19,22,8,4,23,10,30,8,27,13,7,23,14,26,12,5,16,24,27,16,12,20,11,14,24,7,4,7
8,4,27,15,20,10,3,28,14,14,24,22,19,14,30,29,21,22,23,5,27,20,10,5,12,10,14,29
11,24,11,17,6,24,1,24,17,22,4,5,24,14,22,2,30,5,27,28,21,12,23,2,14,30,11,18
24,22,3,10,26,4,17,20,4,8,16,26,14,6,13,29,19,19,12,13,29,9,5,7,13,16,9,29
2,9,3,7,13,14,30,25,20,24,9,21,28,3,29,23,20,1,15,15,29,25,14,26,19,29,19,16
18,26,28,11,26,19,18,25,5,10,13,30,7,19,10,25,10,22,16,26,11,13,18,12,1,24,30,7
26,8,19,15,25,15,8,24,27,28,25,9,15,4,18,10,19,16,9,11,15,19,16,28,14,23,6,5
8,16,11,3,19,11,29,27,22,29,5,22,12,17,29,13,27,7,12,7,25,9,24,16,15,20,23,8
23,22,2,3,9,3,16,11,18,23,21,4,6,21,19,20,11,17,29,29,20,4,1,7,12,30,11,30
22,25,18,30,19,22,5,1,28,3,14,10,1,19,25,4,17,8,2,4,21,5,5,28,21,24,18,20
21,25,21,10,22,16,19,23,6,22,16,14,17,18,23,8,4,20,28,2,9,28,21,4,28,8,10,18
21,20,9,25,4,16,10,4,13,5,18,15,30,2,29,25,23,18,17,3,12,28,25,2,27,17,11,24
4,18,12,14,7,2,3,16,13,21,10,2,8,19,26,30,2,13,3,8,29,26,11,11,21,8,6,23
26,8,29,18,5,17,1,25,23,4,9,28,29,13,13,3,8,16,25,24,2,26,30,14,15,4,25,8
7,2,24,30,26,10,21,6,23,23,27,22,19,1,7,28,5,5,9,16,14,9,3,5,13,13,22,1
8,15,3,2,22,23,18,21,11,10,3,19,23,7,11,15,20,3,5,1,19,2,10,11,25,9,24,29
30,19,17,13,19,21,28,8,20,25,30,26,14,17,17,25,2,20,24,7,28,18,15,10,9,21,12,7
6,23,7,13,30,19,22,23,23,20,1,3,10,3,26,26,3,9,18,3,15,15,9,6,16,17,1,12
4,7,5,28,9,22,3,28,18,18,27,25,25,25,3,12,20,22,28,26,23,20,7,1,4,10,22,22
15,2,28,13,19,10,19,16,16,3,24,19,1,28,8,16,12,24,8,21,13,27,16,25,20,6,20,14
30,4,25,29,30,12,13,16,20,14,7,15,7,17,26,17,28,9,25,25,12,22,19,10,3,2,9,18
17,3,24,13,21,5,16,13,8,26,19,20,16,23,26,28,18,23,14,26,2,29,27,11,11,25,2,9
16,15,27,29,3,26,30,18,21,24,24,2,1,14,10,3,20,6,10,20,26,22,23,10,18,14,17,18
7,13,2,26,3,8,27,23,29,20,18,20,23,9,7,24,29,12,26,18,20,25,22,6,16,12,14,24
23,18,12,19,10,13,11,9,22,29,30,24,17,17,4,30,19,20,28,17,15,29,11,7,18,29,28,12
22,27,11,21,24,3,1,12,9,29,11,10,28,29,3,1,13,3,1,4,21,22,18,26,15,28,10,24
7,6,1,11,16,30,18,25,19,9,30,14,16,23,21,20,9,18,19,16,27,10,24,16,29,24,22,1
10,15,7,26,24,7,5,4,28,1,25,29,12,8,13,4,3,17,18,29,1,28,17,27,10,24,28,28
12,15,12,22,8,17,16,4,3,4,21,10,18,18,23,9,24,20,5,20,27,21,14,12,7,24,1,12
28,10,17,30,10,8,23,13,19,4,22,25,22,9,2,29,27,9,11,14,6,9,4,20,20,8,1,22
2,1,16,15,17,4,7,23,18,22,30,10,25,10,20,20,29,11,28,19,20,16,16,28,13,18,7,19
6,28,10,2,8,2,12,19,18,8,8,19,3,9,12,5,9,1,19,26,19,14,22,10,11,13,2,16
15,18,2,30,28,18,18,21,12,29,3,24,28,2,3,22,3,10,16,12,5,11,20,13,29,11,1,23
6,1,22,26,30,26,4,30,7,8,21,15,21,22,24,11,29,26,29,18,12,1,7,1,27,21,12,5
29,19,2,17,18,25,15,11,8,8,24,2,28,3,15,26,19,2,21,14,17,9,15,4,13,14,11,5
25,21,29,9,15,30,2,18,7,5,27,27,7,14,4,21,2,27,20,10,16,11,13,25,1,28,18,21
5,28,4,5,15,10,16,17,9,15,18,28,2,28,20,15,5,25,8,4,6,24,2,17,24,2,20,14
9,5,9,17,13,11,13,9,1,23,12,27,28,17,13,17,9,22,8,18,22,29,21,7,21,14,15,11
27,18,11,13,21,3,9,5,7,1,16,21,15,11,14,13,13,11,7,20,12,16,8,2,24,2,22,11
15,2,26,29,27,2,13,13,12,30,7,25,8,8,10,9,6,18,3,11,15,8,25,11,8,26,30,12
11,10,20,19,11,29,21,6,5,18,24,14,29,1,2,13,5,12,12,4,6,29,27,6,29,11,26,7
8,16,21,1,2,2,3,3,11,18,15,10,18,5,5,19,24,20,13,14,7,12,7,27,15,27,6,12
13,14,21,30,3,14,29,20,27,24,12,28,29,29,3,17,28,2,16,1,25,8,13,9,29,12,30,26
10,25,17,6,26,22,20,27,28,15,7,4,7,15,22,1,9,15,16,8,9,20,30,13,11,6,17,6
1,12,1,21,15,3,11,2,7,6,3,8,10,6,20,13,26,13,24,10,16,12,1,15,26,22,17,20
26,5,25,20,5,15,27,16,14,16,20,4,5,21,24,3,12,9,29,4,1,17,18,29,12,8,20,20
12,17,25,23,17,21,7,3,12,14,3,26,10,4,29,10,23,21,5,26,18,28,4,18,24,14,20,9
17,26,8,27,25,7,5,28,21,28,18,15,14,22,22,29,6,4,24,27,19,9,7,22,3,24,2,14
14,8,29,4,2,28,16,16,6,6,1,3,30,1,19,25,3,21,12,27,6,5,12,20,20,24,21,9
20,16,25,1,6,21,15,14,29,15,13,17,6,6,23,1,4,21,27,18,21,12,20,12,13,6,9,9
27,10,14,9,8,8,27,21,12,1,28,9,16,6,27,19,8,26,21,30,13,12,17,30,27,3,19,8
27,13,19,1,13,7,17,20,1,5,10,29,10,3,19,4,24,18,3,15,15,1,4,17,15,9,27,16
24,15,13,5,20,19,24,29,12,27,27,10,19,8,18,4,17,23,21,11,23,14,6,9,30,4,23,27
9,3,16,5,11,1,26,17,23,5,9,21,9,21,22,27,22,24,27,8,13,1,30,23,18,17,24,11
9,4,5,17,26,28,20,10,11,23,29,19,12,2,12,13,14,30,2,2,22,9,18,7,8,16,14,9
3,24,17,25,7,16,9,19,30,23,26,11,1,13,17,29,25,8,26,12,20,18,10,19,15,22,19,30
17,29,10,11,15,12,7,18,7,5,12,26,24,23,13,21,5,22,1,10,23,19,13,30,20,3,20,15
15,29,10,16,28,9,2,2,14,15,27,20,6,29,23,20,26,1,19,27,6,19,14,24,21,10,8,29
17,10,21,13,22,23,4,9,26,27,29,15,22,12,7,20,26,12,4,24,26,23,4,20,15,23,10,26
15,17,25,19,2,4,16,5,24,15,28,14,26,14,25,30,2,4,6,25,12,24,29,10,6,14,3,24
6,2,29,30,13,8,24,9,3,11,14,19,26,3,27,12,14,21,29,12,28,5,18,11,18,16,14,22
19,15,13,18,1,22,29,23,16,29,1,18,21,16,28,22,21,18,29,10,28,17,27,16,16,21,27,2
14,18,13,28,25,3,21,18,28,26,18,5,5,4,26,15,20,11,22,12,8,27,21,30,17,5,24,2
18,28,3,10,26,28,9,29,17,4,24,18,26,10,24,25,30,25,6,24,22,13,26,5,29,15,25,18
28,13,11,20,9,19,30,1,23,8,9,7,25,27,28,17,17,5,17,28,3,26,1,23,29,30,10,6
3,28,11,12,3,21,1,5,23,4,9,7,10,24,2,23,16,29,30,25,15,9,19,25,28,27,16,3
13,19,21,9,10,25,28,25,27,28,4,4,27,24,25,13,26,10,19,9,24,9,7,1,1,15,22,25
10,17,14,7,6,29,23,5,14,30,28,16,26,7,26,19,25,26,29,21,15,6,30,19,8,7,9,5
12,21,9,25,3,4,16,11,14,28,29,29,2,20,30,26,13,4,13,17,13,19,7,6,17,1,11,5
17,26,30,29,20,19,24,23,22,4,13,23,22,15,5,28,27,1,20,25,6,4,7,5,24,23,22,24
15,3,9,3,24,11,24,19,29,30,9,14,26,7,5,9,21,21,25,28,14,9,9,16,11,16,29,14
20,25,5,27,27,30,9,20,26,10,29,12,21,17,30,28,22,7,29,29,30,28,14,4,28,24,11,6
24,23,22,9,12,11,29,4,25,12,17,26,29,16,14,11,23,14,8,27,10,12,24,5,17,1,14,22
11,2,30,4,20,3,26,3,19,21,30,11,18,26,3,11,21,3,1,15,15,3,11,15,17,14,27,13
29,18,23,12,27,7,23,23,13,14,7,26,20,11,23,2,14,27,9,14,9,14,15,14,30,30,8,8
21,15,17,7,7,14,5,1,28,19,14,11,3,10,28,8,27,5,25,4,11,10,2,20,5,13,4,16
4,10,12,28,30,15,2,29,27,1,19,7,7,22,4,25,13,29,11,29,16,8,17,26,5,4,28,12
14,28,2,25,11,19,28,19,8,17,12,19,9,30,11,27,16,19,28,19,6,7,8,7,2,5,30,26
23,16,23,26,18,20,15,30,29,25,26,18,24,15,18,26,17,23,21,17,27,20,10,16,7,9,7,7
20,25,24,6,20,2,27,22,25,17,1,19,15,12,28,22,24,11,26,21,20,12,21,9,14,14,30,3
6,7,20,9,14,9,10,5,2,20,29,22,19,26,2,1,23,3,2,15,23,19,23,27,14,16,17,9
5,15,23,6,3,24,16,18,28,23,5,7,3,24,21,4,12,4,2,24,10,20,17,12,12,15,11,18
14,23,25,28,22,1,1,17,28,23,20,26,11,14,4,30,28,26,13,30,29,20,15,11,15,24,29,15
29,11,25,18,13,29,4,5,28,7,15,2,23,4,6,19,14,7,14,27,17,17,14,16,3,12,19,25
9,15,14,29,2,16,19,18,28,2,13,12,10,30,3,21,12,11,7,26,15,26,27,8,11,3,29,12
27,10,16,2,11,10,27,14,24,17,30,8,16,19,21,13,24,2,17,18,15,24,5,22,6,24,10,13
18,6,18,30,18,7,21,19,16,12,2,1,3,19,28,25,12,29,10,27,5,15,14,10,17,11,28,4
5,25,27,18,30,14,26,18,29,1,21,10,29,3,27,13,30,17,15,26,26,10,10,7,14,14,8,4
22,9,13,7,9,17,15,21,16,15,1,19,24,10,27,11,9,1,28,3,18,2,10,1,27,3,9,25
15,20,4,16,7,23,26,20,18,15,1,12,18,6,28,15,16,26,3,17,14,29,29,13,17,5,17,21
30,13,10,7,9,20,6,26,11,15,13,1,15,7,23,25,1,17,16,12,5,26,15,1,1,22,11,16
22,22,30,3,7,6,21,6,5,25,4,28,1,2,4,1,14,2,2,8,7,5,13,30,20,6,16,4
28,9,7,17,10,20,5,20,15,10,25,9,16,17,20,6,13,18,12,4,22,15,18,29,20,4,10,17
9,30,14,1,20,17,9,26,19,18,19,11,27,15,16,4,7,23,22,20,15,7,18,2,25,13,13,13
22,8,27,6,11,19,12,16,27,24,20,30,9,25,18,26,29,2,8,7,29,15,22,28,12,21,3,2
13,12,7,7,4,26,5,11,21,14,30,8,4,1,7,13,4,23,11,20,19,23,4,23,6,7,15,7
16,30,24,20,16,10,3,16,18,14,26,13,21,8,5,16,2,30,4,28,8,9,24,20,10,13,14,21
8,14,2,28,12,28,26,22,20,11,23,25,28,21,26,20,28,29,30,12,18,19,22,7,3,17,29,7
6,5,11,4,26,13,9,4,13,28,2,23,13,13,26,22,7,10,1,18,14,5,23,12,14,2,3,20
23,25,26,25,30,19,17,16,1,20,29,15,13,23,8,30,28,8,30,6,23,1,30,24,17,12,24,2
13,30,21,24,11,19,12,18,3,7,24,24,27,11,21,18,11,16,5,21,27,23,14,7,3,28,27,22
26,3,8,18,26,15,4,2,29,5,4,25,12,20,28,21,14,6,9,13,10,12,13,2,8,4,5,20
16,15,22,14,23,20,23,1,29,6,29,12,8,20,19,7,12,11,9,7,25,24,23,28,19,14,12,15
20,7,11,22,11,14,16,15,14,21,2,22,28,28,22,8,7,27,6,20,23,6,20,28,25,29,26,23
22,24,26,10,9,9,11,23,26,7,2,24,4,5,23,22,9,17,9,28,2,15,21,23,8,22,22,14
17,14,28,12,19,24,24,20,26,23,14,20,17,30,12,30,25,12,16,19,13,29,19,8,20,28,21,7
4,3,2,17,17,27,6,13,10,20,6,11,11,4,27,17,3,20,11,2,3,21,28,26,6,4,2,19
25,20,23,21,4,17,17,23,21,28,3,21,25,30,21,5,7,6,8,10,3,2,5,30,17,20,4,13
5,6,11,14,26,17,19,21,28,15,8,24,17,4,27,6,17,21,7,4,1,24,20,30,26,22,16,23
15,24,5,14,14,5,18,15,17,20,25,8,12,30,8,22,29,14,24,29,6,30,14,26,13,30,12,12
17,11,19,4,2,26,6,5,11,24,11,12,17,12,19,28,27,30,23,1,17,29,1,12,29,17,18,16
10,9,2,14,24,6,29,6,1,21,7,17,25,4,11,6,3,12,13,25,11,17,30,14,8,11,26,19
10,7,6,15,9,21,25,2,22,28,19,11,14,13,27,6,23,7,7,13,18,26,9,17,5,23,5,24
10,19,6,13,11,10,27,25,16,22,8,5,9,10,14,5,23,2,11,29,20,25,21,2,5,13,2,15
29,19,11,16,16,1,23,4,23,6,1,4,17,3,21,1,29,3,4,8,12,4,24,3,12,7,4,16
28,5,9,28,9,12,26,27,12,23,19,9,18,11,13,18,2,8,12,18,5,20,3,3,9,24,4,25
25,8,4,10,28,8,6,19,27,4,26,5,7,24,20,6,14,26,21,1,21,7,2,5,26,16,11,9
2,7,19,15,9,1,2,5,20,10,12,10,5,25,21,28,12,7,12,11,1,27,19,14,3,3,4,19
6,29,15,12,27,28,17,21,16,11,27,6,23,15,17,4,15,11,27,27,16,4,23,19,5,1,8,5
19,6,12,7,28,14,29,21,26,30,14,8,9,1,13,1,11,6,19,16,10,15,29,23,6,8,3,2
6,26,8,26,20,12,2,11,30,20,9,10,16,27,9,16,28,19,19,16,22,22,9,29,12,22,25,4
7,20,1,20,11,27,15,1,23,18,19,27,29,3,2,21,28,10,30,14,7,14,25,18,20,18,11,14
17,9,14,28,17,29,4,10,20,19,29,20,13,9,23,10,1,22,17,20,21,19,1,3,23,12,27,24
25,14,1,24,17,1,14,14,4,21,11,1,29,22,1,10,11,11,2,29,22,16,18,28,1,22,24,29
9,12,6,5,2,11,16,7,18,6,3,12,26,9,6,10,11,17,21,29,18,22,22,12,11,29,3,10
26,3,23,26,7,15,6,23,16,6,29,19,7,25,22,6,9,20,4,13,10,8,17,15,2,26,12,17
20,25,25,3,9,6,11,16,14,8,5,11,3,14,25,6,18,2,22,23,1,17,3,21,26,20,30,19
16,8,25,12,4,20,3,21,11,27,10,1,15,7,23,2,16,23,11,26,13,12,28,30,4,19,17,4
22,5,7,20,7,22,30,6,13,23,8,14,11,5,25,22,23,22,9,25,25,2,6,4,10,4,7,5
11,26,9,15,3,30,30,7,20,21,25,23,7,17,19,23,16,27,16,9,17,6,8,13,11,23,9,20
29,4,10,3,16,25,26,18,15,24,11,12,6,18,3,2,27,16,18,8,14,14,19,13,19,28,18,6
19,27,4,11,21,10,8,16,11,23,8,12,22,1,8,22,17,4,4,29,4,6,16,25,6,2,7,16
16,28,14,18,8,21,30,19,20,30,21,26,10,17,21,5,9,6,16,13,6,27,27,15,25,19,2,13
11,9,6,20,3,23,1,14,9,20,5,2,2,19,3,17,14,8,19,17,16,12,17,30,16,25,10,19
2,29,23,19,19,17,9,11,25,2,24,18,17,7,26,19,1,15,11,17,24,10,2,18,30,16,28,29
23,6,4,8,13,12,13,11,27,17,14,15,11,22,23,13,14,2,30,9,17,28,29,2,14,24,25,22
28,6,19,3,20,10,19,19,28,17,5,5,25,15,23,15,1,26,7,2,18,20,4,29,16,20,13,25
8,3,24,20,17,21,14,22,28,12,26,1,4,4,15,28,27,26,14,2,6,15,1,19,17,24,5,9
2,21,17,30,28,24,12,26,23,15,19,5,2,2,18,20,1,6,29,14,5,7,2,21,6,11,20,24
2,6,3,24,16,6,20,8,25,26,4,11,23,20,5,12,8,10,30,5,27,12,18,12,25,22,4,25
19,27,24,17,4,19,24,18,13,25,19,27,12,10,26,5,2,18,21,15,2,20,14,27,11,16,27,21
18,22,29,24,2,25,19,28,3,17,7,5,27,18,30,13,21,4,23,18,16,14,11,7,1,20,24,30
14,28,7,19,22,3,30,22,26,25,25,17,22,28,3,16,12,17,18,15,20,2,6,8,23,9,6,5
12,22,23,12,2,20,15,5,11,18,13,24,19,9,17,26,9,6,27,18,11,26,26,15,3,10,10,13
22,29,26,13,28,25,11,5,2,14,16,2,14,28,5,24,4,24,26,12,15,10,29,18,13,18,25,16
27,9,10,23,11,3,13,12,22,30,27,25,29,13,25,26,21,25,5,13,21,2,11,9,14,28,28,13
1,9,30,11,1,25,8,24,5,23,22,11,15,23,2,5,28,2,14,3,16,4,28,19,14,12,26,25
28,2,9,13,5,1,11,14,30,16,25,5,5,1,22,28,3,24,29,28,30,7,11,13,15,26,27,28
12,12,27,20,29,14,27,4,15,10,6,14,12,19,5,12,7,9,29,16,12,30,17,21,13,28,26,22
21,27,28,10,5,14,3,19,20,6,6,22,5,18,14,24,18,15,17,12,3,29,6,6,27,12,16,12
25,7,7,2,18,6,13,18,12,27,10,29,17,16,23,2,4,8,11,25,17,24,3,29,12,15,19,23
21,22,14,24,28,21,24,13,29,5,4,30,6,26,12,22,5,18,25,17,6,4,3,20,1,22,25,2
4,8,21,4,17,20,27,20,13,17,1,26,23,11,4,30,4,12,19,22,12,12,24,24,20,3,17,18
20,24,23,6,27,23,9,22,14,30,14,16,29,22,9,19,17,30,24,26,1,4,16,20,4,4,21,23
14,27,15,14,4,10,1,20,25,25,30,1,2,12,16,5,28,3,24,20,4,6,7,21,10,22,17,16
8,3,3,24,2,17,8,18,16,1,13,19,22,19,25,22,30,24,25,19,19,12,23,1,11,1,20,9
21,24,4,13,23,15,12,22,23,7,29,15,4,29,19,28,21,5,29,15,12,15,21,16,27,28,28,26
11,3,14,2,28,30,28,23,27,1,27,7,7,3,30,24,26,10,16,20,24,25,10,7,3,5,27,6
3,19,16,25,18,17,12,20,24,28,18,4,2,27,1,21,8,22,8,9,15,28,21,18,13,8,3,16
23,8,29,23,4,22,20,9,16,2,19,21,22,11,1,29,23,12,19,28,25,20,29,11,28,19,21,6
28,28,13,10,15,26,27,17,29,25,1,10,7,23,5,7,3,17,18,5,28,23,25,1,19,5,22,4
9,18,26,15,2,14,11,18,19,9,7,26,14,14,30,28,12,10,21,2,15,22,9,11,2,16,9,6
4,12,22,10,5,24,8,12,30,16,9,24,13,18,18,24,11,22,22,14,24,27,20,10,14,20,19,18
10,15,14,16,6,5,15,8,18,27,22,21,7,19,29,26,1,28,20,28,4,15,1,10,25,25,13,7
22,12,27,16,5,21,2,15,2,23,18,8,4,11,7,14,1,1,7,6,29,25,9,17,30,22,14,26
14,5,21,11,23,9,16,7,1,6,16,17,17,14,24,9,10,13,25,24,9,18,10,24,19,8,9,28
4,10,17,14,7,7,2,28,2,8,16,26,25,30,14,25,16,21,19,15,1,1,7,17,28,20,18,27
26,27,23,15,30,18,4,21,20,2,10,10,13,27,7,2,28,29,29,9,5,15,9,28,19,24,28,3
3,30,17,17,20,5,3,6,16,1,26,7,27,23,6,14,11,9,2,4,25,6,20,29,22,9,23,11
19,25,26,7,21,1,19,21,16,24,21,8,25,1,17,28,4,22,12,13,10,26,18,11,22,24,9,28
11,19,26,11,13,22,18,21,5,19,17,27,4,16,29,18,19,25,10,24,19,22,25,30,28,11,2,23
8,16,15,28,23,21,10,27,28,11,26,4,14,27,23,15,6,15,9,24,27,30,22,28,14,15,10,19
25,26,13,3,20,25,13,19,5,19,5,14,6,2,20,8,30,7,10,22,30,10,25,13,2,8,27,8
24,17,15,8,12,22,3,3,28,23,15,20,14,5,11,18,11,26,19,25,11,15,29,8,6,18,20,15
2,30,1,12,28,5,25,18,5,27,2,15,30,18,10,7,23,20,9,26,29,7,3,7,20,2,28,10
19,7,2,24,2,18,1,28,23,3,23,9,10,23,14,14,24,5,25,23,5,22,16,16,10,24,17,25
28,24,22,26,8,16,30,28,26,9,13,13,17,12,15,20,28,30,16,7,24,19,14,16,7,5,5,27
22,16,14,8,2,6,30,29,11,27,2,25,23,16,19,15,22,13,6,23,8,27,19,11,9,10,2,10
11,7,20,3,11,4,7,10,25,5,12,12,12,16,9,2,28,22,14,8,1,29,24,25,30,13,19,26
28,4,30,22,5,21,19,5,7,30,15,20,10,9,21,18,2,25,11,23,18,18,13,17,26,24,10,12
13,25,3,28,16,12,13,21,5,20,8,22,27,5,25,29,8,25,29,22,9,7,24,5,2,27,8,10
21,14,27,11,12,8,22,13,27,17,5,28,27,30,13,12,18,20,26,14,24,15,10,1,25,19,3,6
2,29,27,19,5,3,30,22,24,27,10,20,13,13,2,22,21,1,25,10,25,12,18,13,1,24,17,7
4,26,17,24,6,16,11,29,20,16,24,25,30,21,19,22,10,7,2,11,14,19,11,24,24,24,12,21
11,15,19,11,16,24,19,28,10,17,14,27,2,4,2,6,8,1,10,4,23,27,4,25,23,6,23,16
15,23,30,13,5,21,18,6,27,14,9,6,3,21,12,23,23,5,10,11,17,6,17,24,14,8,28,15
12,25,18,10,1,3,13,17,17,2,23,12,16,26,9,24,22,5,2,2,15,11,2,18,27,13,29,10
7,7,29,27,23,4,25,3,26,30,5,30,8,25,6,21,13,29,25,21,27,23,2,10,7,26,30,1
23,1,14,18,4,4,11,11,3,26,19,13,2,7,28,23,30,2,24,20,5,11,5,29,19,8,14,14
6,20,20,27,4,25,10,26,17,18,26,5,15,26,19,18,10,13,20,21,25,10,11,6,2,10,27,13
26,15,30,26,20,27,6,14,6,23,9,8,28,3,6,12,6,20,6,9,23,18,19,7,19,24,19,26
10,15,25,24,28,27,30,2,18,30,16,19,21,5,12,18,4,13,23,23,4,29,1,13,5,18,20,8
26,24,8,27,8,10,4,22,28,15,10,1,3,5,25,6,5,17,18,18,7,2,3,7,1,27,22,12
14,13,20,11,8,23,6,25,23,19,12,12,2,20,21,19,4,23,20,30,5,25,9,19,30,3,2,25
21,2,26,11,19,23,8,15,26,29,23,11,29,30,13,16,6,7,17,18,12,14,4,8,8,22,8,19
4,1,12,6,21,12,5,22,24,1,24,9,12,6,24,5,30,9,2,5,13,24,13,23,16,15,14,7
29,19,4,27,16,20,12,25,18,18,20,17,26,22,23,6,14,8,6,6,21,29,8,29,21,3,7,11
18,19,20,7,29,28,24,5,27,27,24,23,25,29,17,12,19,15,10,21,2,8,9,8,9,8,17,30
11,6,7,13,13,1,7,29,29,14,19,29,29,18,9,17,15,14,12,22,12,26,10,6,24,17,10,11
10,12,29,21,11,24,25,22,21,11,11,24,22,19,14,6,26,11,22,15,30,22,24,25,26,25,18,15
27,1,20,26,22,27,20,18,15,29,18,5,23,18,27,5,4,19,1,24,13,4,11,13,25,26,12,18
19,5,26,17,6,10,25,21,22,15,2,26,29,27,22,28,24,17,22,12,26,20,22,7,25,25,3,23
20,7,2,27,16,2,29,11,4,2,30,13,23,7,13,20,18,6,25,17,13,13,20,8,4,30,22,30
13,19,22,12,8,3,1,15,13,5,10,28,28,11,25,23,18,9,19,20,7,2,20,20,30,16,11,8
18,24,23,16,10,30,28,15,10,18,6,21,6,29,7,13,26,28,20,2,19,27,20,26,11,3,23,12
29,3,13,23,22,24,28,19,12,24,18,28,14,10,14,1,4,29,14,9,25,7,24,2,27,10,19,21
5,28,5,8,8,17,17,7,5,13,29,13,1,19,1,2,11,22,19,10,14,20,23,13,19,15,17,22
10,12,26,13,5,7,15,15,20,10,21,27,24,7,27,21,30,2,8,7,7,22,21,5,21,10,8,16
5,23,20,23,30,25,27,23,18,17,8,24,5,16,13,1,2,22,16,7,23,3,14,17,7,10,16,18
22,22,22,26,30,30,10,28,21,28,28,30,11,4,4,13,25,15,3,21,10,20,4,30,24,1,23,3
9,3,17,20,9,10,2,26,25,12,25,5,7,16,11,4,25,17,27,20,29,1,23,23,8,26,9,2
19,23,3,29,7,7,19,19,12,8,21,1,2,8,19,13,21,28,15,24,10,30,6,7,5,4,4,9
10,24,13,14,1,1,8,3,9,26,29,30,28,23,23,17,27,26,18,22,12,10,3,10,11,15,23,19
17,27,25,3,3,10,9,18,26,7,30,2,30,17,4,26,29,15,27,17,7,19,10,9,17,13,27,30
22,3,3,17,8,20,16,13,1,26,27,18,15,5,22,20,26,16,23,26,7,8,11,26,19,6,12,29
17,17,17,21,14,9,27,23,5,14,24,11,2,22,25,4,19,9,3,2,27,21,13,1,20,2,24,15
22,7,29,3,8,17,27,15,9,6,5,6,9,30,16,13,23,13,25,16,13,8,8,10,3,11,2,27
4,17,1,13,15,12,2,28,16,22,3,15,25,11,25,14,5,27,24,28,6,1,9,8,7,9,2,14
30,20,30,28,16,30,12,23,5,23,22,27,28,18,27,1,10,10,21,3,13,24,5,6,17,4,21,3
9,23,6,7,11,18,29,27,22,6,30,26,29,3,9,12,6,27,1,19,5,8,29,27,18,30,1,6
15,24,11,12,9,9,14,12,18,15,17,11,19,30,10,4,11,26,4,11,16,23,30,21,4,3,28,1
25,9,19,11,17,24,13,28,26,18,17,21,19,27,25,22,10,20,30,5,29,25,16,23,26,21,20,22
24,20,9,7,11,14,18,9,27,6,24,26,18,12,9,24,10,14,22,20,28,9,11,14,4,24,3,30
23,26,16,27,4,21,5,6,9,11,10,6,9,17,26,5,27,5,17,18,17,23,14,13,29,1,24,16
10,25,3,18,11,19,17,1,21,28,22,28,8,4,15,29,5,17,11,12,14,7,17,30,7,16,14,1
13,3,28,4,27,19,27,14,8,22,26,21,1,25,14,30,13,20,11,13,8,15,9,13,21,13,3,3
9,4,11,26,6,16,19,19,30,19,1,19,8,1,22,13,22,21,12,19,24,18,17,18,6,1,23,28
25,16,14,15,17,24,6,5,12,1,16,15,7,26,30,24,19,22,6,8,24,27,22,30,1,14,10,21
17,24,20,6,24,22,24,15,6,17,2,14,25,18,2,22,5,28,12,28,19,23,29,14,25,16,4,29
24,14,14,3,15,16,18,18,11,11,22,16,2,16,19,3,21,22,13,7,25,1,26,4,3,12,2,25
26,7,11,8,18,26,21,23,3,29,30,10,30,14,11,25,7,27,27,4,5,26,24,3,4,27,4,24
19,11,1,3,14,24,23,5,30,14,28,6,25,27,1,22,23,4,8,12,20,1,28,7,16,29,20,30
14,8,5,21,23,27,5,22,29,27,26,7,21,7,26,23,29,21,9,9,25,2,11,30,20,22,5,18
14,24,18,15,4,23,21,22,9,8,13,28,22,10,23,26,9,1,21,14,6,5,9,25,21,12,6,12
28,5,1,2,23,17,9,5,10,11,3,28,16,4,14,22,8,11,17,16,10,16,22,20,1,21,13,9
16,23,25,23,18,10,25,4,7,12,5,6,2,18,16,28,29,23,28,3,21,18,17,10,26,21,3,12
14,12,1,2,4,30,20,18,16,11,11,6,9,11,15,27,6,12,15,22,1,25,21,9,24,11,18,29
6,16,28,28,8,14,21,25,12,4,2,2,29,29,13,19,13,22,24,11,3,21,4,14,6,12,12,20
22,22,9,24,13,21,12,1,13,13,29,25,20,20,15,3,10,13,23,2,13,2,26,2,17,7,27,15
13,14,22,27,2,2,4,20,25,9,20,9,18,12,6,30,24,29,22,13,7,1,5,24,19,10,8,20
26,7,7,6,25,27,19,30,22,3,24,19,17,25,8,1,24,15,15,1,26,27,9,19,16,14,9,12
9,29,8,22,25,14,24,19,3,14,15,21,24,7,9,21,6,4,26,12,23,4,30,5,26,7,24,30
28,19,20,11,18,7,21,23,25,2,24,3,2,20,29,10,30,24,7,20,19,18,13,13,19,28,19,6
30,3,27,18,20,25,21,14,25,4,4,18,16,16,27,5,10,23,11,4,5,20,5,2,1,5,11,10
6,8,23,21,19,16,24,22,5,7,14,7,29,15,16,27,21,20,4,4,22,8,3,26,17,15,1,10
29,25,17,16,14,12,8,17,12,13,29,1,22,5,1,4,10,4,6,20,5,9,12,12,1,8,19,29
6,28,4,4,15,15,24,10,20,28,24,18,7,30,15,8,21,3,12,18,8,30,16,14,10,11,6,20
14,6,15,7,24,10,12,15,9,26,17,8,12,21,14,12,11,18,14,5,24,4,21,29,26,1,21,6
12,21,25,4,10,4,27,15,14,17,25,28,19,1,30,26,17,5,6,18,17,5,4,23,28,1,26,10
15,17,11,23,19,6,3,19,2,14,28,8,24,30,29,24,24,16,17,24,5,26,12,21,26,4,20,8
18,3,6,10,8,18,30,28,7,3,9,13,28,11,25,4,7,29,25,17,6,10,29,13,14,3,6,20
5,20,28,16,17,26,2,30,8,19,30,7,30,2,18,21,8,5,26,24,2,9,15,27,10,3,2,8
4,24,26,6,13,11,23,17,6,23,26,3,10,26,26,18,29,18,17,5,23,9,5,9,7,12,19,27
6,1,7,15,24,25,27,15,24,24,25,20,9,2,16,16,9,24,15,6,13,27,28,22,16,27,15,25
20,18,30,2,22,27,11,5,17,12,9,16,30,12,25,6,24,28,27,22,24,20,30,13,27,13,14,10
3,15,29,28,10,2,26,6,25,24,29,13,21,11,30,27,16,30,7,2,2,23,28,19,1,24,2,1
18,17,5,10,14,1,3,2,14,12,6,28,17,19,11,1,30,14,1,13,20,3,27,27,7,12,8,11
18,11,27,17,1,26,19,8,19,19,30,21,9,29,14,5,24,9,16,13,12,28,20,17,23,19,11,15
21,8,3,2,23,23,14,4,15,20,28,21,1,4,13,11,15,11,5,22,20,23,4,28,27,26,29,21
21,10,24,12,15,5,18,11,16,28,28,17,15,11,20,5,11,25,13,9,15,10,3,12,14,19,25,29
5,6,6,28,24,24,13,6,26,17,7,26,17,2,25,18,14,19,8,9,3,29,17,2,13,20,6,12
8,12,28,27,10,19,7,11,23,30,23,21,29,15,10,25,19,17,23,14,16,15,29,25,12,17,27,7
19,4,16,4,19,1,28,14,19,10,17,28,26,14,26,14,27,17,11,18,20,23,14,26,28,23,27,23
14,3,15,24,23,30,22,19,15,19,3,29,18,26,6,9,1,25,18,2,20,16,29,25,6,9,17,27
21,20,7,27,4,5,1,16,26,23,5,26,22,7,29,8,15,13,1,24,17,5,26,3,5,25,3,28
5,20,18,15,13,26,28,26,13,7,25,13,26,20,14,8,21,23,10,13,17,21,11,24,9,24,11,17
25,4,22,9,3,3,12,6,6,21,13,27,10,4,26,8,18,19,29,27,22,18,13,13,16,21,11,14
9,25,6,20,15,12,1,9,15,16,11,23,8,8,3,1,10,14,4,14,25,3,6,21,25,14,25,7
22,10,24,13,23,29,27,11,15,23,12,29,3,18,24,3,8,6,19,15,16,13,3,2,18,28,19,6
20,16,25,2,17,25,18,6,22,29,30,10,11,22,16,17,2,5,11,8,10,4,13,19,25,11,22,10
7,22,26,26,10,21,22,30,29,11,13,9,30,18,11,10,7,10,4,24,27,17,1,13,17,11,27,17
4,6,7,6,4,8,30,30,4,5,30,20,1,17,19,22,23,2,9,22,23,3,13,16,8,28,13,20
22,13,10,30,25,6,27,23,4,7,6,23,19,11,7,2,10,14,24,11,28,10,21,15,3,5,24,1
24,21,29,6,26,10,9,21,26,1,25,25,21,27,18,16,27,16,3,12,26,12,7,24,4,3,23,12
22,25,27,21,12,26,29,13,8,30,27,10,2,17,7,10,19,30,20,2,23,5,19,17,2,12,6,13
15,6,3,23,18,28,29,1,4,5,13,25,28,5,8,27,19,24,10,10,5,27,5,5,13,21,20,17
7,11,19,1,21,17,29,3,28,5,23,5,18,6,7,15,17,26,4,18,28,22,28,9,2,27,8,18
2,28,10,27,8,12,25,23,17,13,5,11,7,6,30,15,1,6,22,30,21,21,19,18,18,2,20,16
13,11,29,24,10,11,2,30,26,27,27,6,11,14,28,4,21,23,12,23,22,14,8,27,5,8,28,12
10,22,10,7,23,10,11,7,15,11,2,26,4,1,20,5,9,16,19,8,23,15,28,25,20,28,24,30
3,2,20,3,14,21,20,4,18,21,14,2,4,22,19,10,22,17,19,22,25,4,19,20,19,21,19,25
25,16,17,25,16,11,4,14,22,29,13,14,11,16,18,18,2,17,4,1,26,18,3,4,10,2,6,30
14,30,14,23,2,25,10,2,4,20,17,23,18,6,19,23,4,5,12,9,16,1,19,3,17,19,30,7
14,14,15,14,6,5,30,22,16,20,13,16,7,16,14,12,1,11,14,20,30,10,30,6,21,27,14,13
12,12,6,14,26,4,19,21,5,3,18,14,7,27,8,14,22,26,3,1,17,7,2,6,6,10,7,4
14,10,23,9,22,18,11,5,15,30,20,3,27,23,8,28,24,30,14,4,3,17,14,25,25,13,27,6
10,1,8,17,27,16,8,25,11,10,22,20,16,3,30,22,7,30,4,24,30,5,13,6,26,4,2,28
27,28,15,9,21,6,26,14,22,3,7,12,16,13,18,15,9,25,18,30,17,22,19,25,10,3,7,5
18,3,22,23,14,11,29,13,25,14,29,11,7,16,1,4,24,23,9,17,18,28,27,2,17,2,11,5
10,20,30,19,30,21,27,19,12,14,28,5,15,6,20,25,27,8,23,1,22,15,2,17,25,20,18,20
6,20,7,13,1,24,3,5,15,10,11,17,20,12,22,10,25,4,3,13,9,3,5,9,9,10,14,25
19,13,25,10,4,7,14,22,8,16,5,21,3,15,11,17,27,7,12,11,24,22,23,21,18,6,12,4
16,28,4,21,11,9,17,2,16,2,14,14,29,30,3,9,29,12,10,24,22,19,13,3,29,4,2,28
21,4,23,28,25,10,7,10,13,14,11,25,29,10,2,26,24,29,12,24,20,14,22,6,26,19,13,28
16,2,23,7,7,20,12,12,9,16,19,19,24,23,27,16,2,16,25,13,17,17,9,1,22,8,8,7
13,18,3,7,28,10,24,12,22,4,18,10,28,21,18,8,10,23,1,27,18,7,4,10,24,30,11,29
23,23,16,30,12,6,29,22,14,13,22,14,30,15,24,29,29,15,16,26,30,1,21,29,7,11,20,7
14,23,13,28,29,26,20,29,19,18,29,23,22,27,25,27,2,17,28,3,13,6,12,9,15,15,29,22
2,17,23,1,16,23,8,21,30,25,16,4,26,26,11,11,17,23,5,4,7,24,28,20,14,17,24,9
11,4,13,14,27,28,27,2,26,28,7,30,19,4,28,7,2,24,7,17,26,1,23,23,11,25,16,8
20,3,18,30,29,30,11,26,12,2,8,29,29,9,16,19,17,5,16,3,27,21,19,20,11,7,13,10
12,21,3,2,13,19,13,23,11,8,1,20,24,2,26,1,17,9,19,17,16,4,6,6,10,13,11,29
15,29,19,22,17,1,15,21,29,6,16,10,27,24,9,9,5,27,10,26,26,19,3,2,19,26,25,8
15,28,22,30,8,14,8,12,19,9,3,24,18,5,2,12,23,9,21,23,25,28,2,14,4,16,4,27
26,18,4,21,6,7,7,2,14,17,3,13,16,28,21,26,24,16,9,21,17,22,10,11,6,3,14,18
26,9,27,23,11,12,16,2,6,12,18,11,29,30,28,7,7,8,7,28,8,6,21,18,8,13,10,5
8,23,16,4,24,19,6,6,21,10,3,4,12,19,21,12,29,28,23,18,24,4,5,28,26,16,11,20
19,9,16,28,3,12,25,13,27,14,18,10,25,23,17,27,6,4,17,19,16,9,19,10,21,23,12,5
19,19,9,8,9,16,18,12,25,5,2,1,25,8,16,15,11,13,23,2,18,9,22,23,29,22,5,10
20,6,8,10,1,20,25,8,6,10,2,9,6,5,2,2,2,17,25,9,23,5,29,9,30,10,17,11
27,16,9,18,12,8,22,19,28,22,30,5,13,9,10,1,11,15,27,13,7,21,21,13,28,27,18,16
7,29,11,21,4,15,12,21,1,15,28,28,13,14,5,11,17,20,26,15,26,29,28,15,14,4,4,7
25,27,20,15,20,7,12,29,11,10,2,29,27,20,30,27,18,29,30,24,16,11,26,8,1,4,21,9
2,26,7,30,11,5,26,5,25,13,8,7,2,7,30,7,19,28,18,7,29,2,28,16,4,11,21,15
1,13,15,17,17,3,27,16,4,2,18,23,24,26,3,6,21,24,22,10,12,20,20,4,16,14,11,1
29,21,26,30,14,11,4,13,28,22,20,29,10,14,4,17,10,26,13,3,30,22,26,11,20,12,3,12
23,11,1,3,23,27,17,13,7,18,9,14,22,20,8,29,4,23,30,28,16,4,25,21,2,8,1,8
26,16,11,3,9,23,20,18,22,18,7,13,28,21,10,22,18,30,12,10,14,27,7,27,12,5,26,20
16,10,1,15,27,10,17,22,8,6,5,30,30,20,8,17,17,18,1,25,24,3,4,3,27,22,24,30
9,14,21,4,27,1,3,12,17,22,17,19,4,19,15,12,25,13,10,24,19,21,11,25,5,1,26,14
7,29,18,5,16,18,13,24,15,1,3,30,18,27,30,25,2,12,21,6,19,23,9,15,12,30,11,19
4,27,30,27,5,20,6,19,4,12,3,17,6,22,27,24,10,11,7,23,21,16,24,23,10,21,25,15
21,4,24,17,8,25,20,19,2,6,25,29,22,11,21,20,10,5,30,27,26,15,5,2,24,19,28,18
4,8,17,15,25,22,29,1,19,17,9,12,2,9,23,5,16,8,2,11,25,4,14,6,21,29,19,6
29,22,23,20,27,2,15,25,20,11,5,1,13,20,1,23,26,19,26,18,22,1,17,17,17,18,23,30
24,12,24,27,3,23,3,27,24,20,15,1,24,29,15,5,3,2,29,6,3,22,10,2,3,2,14,28
6,7,3,10,9,15,1,9,17,9,28,20,18,4,29,7,5,25,24,24,17,12,14,16,20,18,28,3
3,23,24,2,9,6,22,18,18,6,22,9,28,6,18,25,4,9,19,29,23,4,28,8,8,21,12,24
24,17,21,21,18,29,7,25,16,26,11,12,13,11,19,30,4,15,27,11,25,20,12,11,30,29,10,30
25,16,25,19,25,29,25,2,15,1,22,30,30,23,9,9,29,7,17,12,15,28,5,23,24,1,29,4
5,10,22,20,19,8,1,1,2,22,18,14,17,17,15,3,24,28,12,2,11,4,12,24,12,29,15,27
11,2,25,24,30,21,28,5,10,2,11,23,23,9,7,7,19,4,25,29,14,2,29,27,20,27,24,1
29,28,9,21,24,4,20,30,27,24,14,27,20,10,24,23,17,19,10,2,27,6,5,8,4,16,14,10
4,29,5,3,27,27,7,12,23,21,29,19,20,8,10,25,21,29,10,4,8,6,10,1,18,23,4,23
24,1,18,8,21,11,26,29,20,11,30,23,4,13,30,27,20,21,12,20,26,11,18,5,7,10,2,28
19,4,16,5,23,15,19,22,4,22,29,10,12,12,5,10,29,18,1,26,6,14,11,27,11,15,27,13
14,13,2,11,9,29,10,16,26,26,30,20,25,8,24,29,23,3,8,15,6,9,6,20,10,6,22,6
24,20,24,9,18,6,9,21,21,18,1,14,2,20,15,3,18,12,2,28,21,12,4,9,8,13,8,5
7,13,2,4,7,4,23,7,3,22,2,19,30,3,9,5,2,24,13,17,24,3,2,28,5,25,16,12
16,16,2,5,28,4,14,9,17,28,8,29,27,9,1,27,10,13,29,18,4,30,7,14,1,22,11,4
11,4,30,13,19,12,22,17,20,28,21,26,19,1,19,5,17,15,20,16,3,5,18,22,26,28,8,16
9,18,5,7,23,10,28,13,29,26,10,16,18,15,7,13,23,4,29,4,11,3,28,16,2,26,2,7
17,9,17,21,4,6,9,3,24,14,3,10,4,6,6,21,5,5,29,18,28,6,29,23,30,5,5,6
21,19,6,28,9,21,27,21,9,19,13,12,6,5,19,9,1,20,1,6,27,7,12,28,27,14,9,11
10,25,22,29,1,3,13,6,9,5,1,13,10,16,13,16,23,17,13,24,18,21,22,10,5,30,9,14
7,8,1,25,12,16,11,15,28,14,12,4,22,14,30,26,19,18,26,12,25,26,6,11,2,16,24,20
4,13,25,1,24,30,29,2,4,7,1,24,5,28,19,9,6,9,2,4,21,26,21,18,5,28,19,12
3,21,23,26,23,22,11,16,19,11,10,23,16,29,23,13,17,2,7,27,8,27,6,23,15,20,29,8
22,8,27,27,11,18,29,13,14,5,1,13,18,4,20,25,30,9,18,23,4,9,1,3,21,23,4,6
16,30,12,3,24,4,25,12,15,14,13,29,30,10,29,12,1,24,10,5,7,11,24,6,3,6,5,13
7,24,6,19,14,24,28,14,24,29,20,14,10,9,11,17,27,20,23,25,11,19,3,27,13,30,30,6
7,7,1,18,30,12,5,21,8,24,16,7,12,15,19,3,5,26,26,29,30,7,9,13,13,11,2,19
22,9,7,15,24,22,8,17,28,2,15,28,4,21,9,4,5,17,13,27,30,30,23,17,5,2,6,30
28,18,5,19,11,17,29,29,18,2,13,21,8,2,6,3,12,28,25,10,28,6,9,27,28,6,19,23
16,20,10,23,17,8,20,10,28,26,17,18,22,11,16,4,4,23,20,29,25,21,6,7,8,26,3,23
10,9,21,6,28,7,13,29,22,21,4,30,13,27,5,16,12,7,18,18,20,6,23,6,16,21,29,26
15,4,16,21,6,28,30,20,5,12,21,16,28,18,12,14,19,20,16,28,16,20,26,1,8,15,3,4
16,15,20,7,9,18,14,18,5,14,25,15,27,16,11,30,16,3,21,3,24,9,18,27,5,1,10,25
9,15,13,22,26,27,4,21,22,15,7,10,4,25,9,6,25,2,2,30,10,26,15,6,24,30,10,7
28,24,2,9,9,20,10,20,1,4,20,30,13,21,8,2,26,12,29,30,30,13,2,4,29,10,15,14
30,8,28,26,17,27,23,29,13,29,2,15,15,20,5,22,12,3,18,20,18,14,10,13,2,11,7,15
22,28,11,29,5,27,21,24,7,25,14,16,28,10,19,28,11,15,16,11,8,11,23,27,22,26,26,17
28,16,24,7,20,8,7,15,19,3,10,19,30,12,16,18,19,2,22,8,25,13,3,18,26,27,7,12
6,14,7,9,1,4,26,21,1,8,27,20,3,5,9,8,5,27,12,27,25,5,8,21,5,18,23,16
14,7,11,24,1,25,10,5,27,1,18,26,16,25,18,11,6,2,6,21,4,25,13,29,15,11,17,2
7,17,5,13,12,11,8,24,27,3,19,8,25,5,11,4,9,17,12,1,17,27,15,3,13,2,12,19
24,13,9,21,9,8,29,10,26,6,14,5,18,24,15,3,13,28,26,30,14,10,20,29,29,17,15,10
3,3,30,10,30,19,1,15,24,29,30,18,6,2,8,4,3,7,14,24,13,12,20,16,7,12,5,15
23,11,22,22,24,19,8,24,6,5,6,29,24,1,10,15,28,9,25,13,2,17,26,23,4,22,28,22
13,15,4,19,15,16,22,14,7,8,24,17,24,15,28,29,2,16,30,13,3,5,19,28,18,22,14,7
16,30,19,2,22,17,11,22,1,18,14,8,9,27,8,20,15,8,19,17,19,28,21,18,22,15,19,9
27,6,1,23,3,15,29,8,20,23,26,8,5,7,28,15,2,23,4,7,27,29,14,11,4,27,19,18
9,1,10,8,28,3,26,26,17,22,5,25,28,1,1,23,13,11,13,13,1,7,17,30,11,13,12,28
23,21,19,7,27,11,29,19,13,18,11,2,11,3,28,10,18,10,9,27,29,22,28,23,15,6,18,2
15,10,27,15,22,28,3,27,3,29,29,18,2,12,10,25,1,11,2,28,10,8,13,2,5,15,30,2
23,27,22,21,24,28,5,3,22,26,11,13,30,2,8,19,12,21,25,17,12,4,22,4,5,20,23,8
28,25,11,7,29,2,4,6,7,8,25,5,8,7,4,6,1,20,28,8,30,24,21,14,21,14,20,20
5,19,17,4,5,28,6,27,16,4,15,29,29,2,13,4,27,21,9,6,1,17,3,15,22,15,8,5
5,27,17,16,13,15,1,18,22,21,30,11,2,7,21,27,6,30,10,29,12,18,18,1,5,14,19,19
17,2,12,20,20,2,23,19,18,29,16,14,1,25,12,7,21,29,5,25,27,7,10,22,6,10,23,18
10,16,11,29,26,13,2,21,9,10,21,30,15,2,9,7,15,26,28,17,6,11,10,7,10,25,23,10
22,20,15,11,9,5,10,2,19,17,18,19,23,21,28,11,9,5,10,25,28,4,8,10,12,7,12,29
7,5,20,2,20,22,30,19,26,10,22,10,23,7,19,28,8,10,24,15,14,30,29,5,15,28,13,18
13,5,30,3,24,11,26,14,28,17,29,1,22,9,15,29,14,1,3,21,16,11,2,2,13,27,16,8
7,16,17,23,10,12,7,22,10,20,16,12,12,5,1,22,11,24,24,5,15,30,22,14,25,23,2,3
3,28,20,28,26,19,8,13,30,7,22,11,3,24,20,25,16,22,10,12,10,11,21,20,4,12,24,7
25,3,28,17,10,5,19,12,30,19,17,24,28,19,22,5,2,13,2,21,11,27,29,4,14,21,23,23
7,1,24,14,26,1,19,28,10,5,1,29,6,8,26,27,5,17,14,22,20,17,18,21,10,3,27,28
4,24,4,19,13,27,6,29,25,3,28,28,1,25,26,27,12,4,16,4,2,3,29,27,7,1,4,21
13,4,5,23,4,21,24,16,1,13,16,9,3,27,2,3,19,17,22,25,22,22,9,7,17,24,26,2
26,8,12,13,24,15,16,22,29,6,24,10,1,10,26,30,18,8,2,6,1,27,9,20,9,9,29,22
26,28,6,11,26,23,21,24,1,4,16,18,11,11,4,14,24,13,25,12,26,9,19,10,22,21,1,29
29,23,4,16,16,25,27,1,30,14,15,9,20,3,30,14,22,15,25,20,24,26,27,27,14,18,27,17
10,27,19,5,22,23,26,9,1,1,2,17,15,3,14,11,29,16,22,24,10,5,19,8,26,12,6,3
26,8,2,29,29,10,22,4,25,10,18,28,7,22,14,22,13,9,5,21,13,17,28,29,26,3,8,5
8,11,10,10,17,23,13,23,29,4,19,6,11,11,16,20,29,25,17,18,22,27,26,18,7,15,21,10
10,4,3,26,3,18,26,15,1,8,11,15,10,21,23,10,21,30,11,2,1,9,30,2,17,20,14,12
16,22,4,3,3,3,13,26,1,24,3,24,15,2,19,21,14,3,9,1,4,16,27,7,5,19,10,2
4,2,9,13,5,15,29,9,5,9,13,7,9,28,10,28,28,18,17,29,20,9,18,15,12,13,8,30
26,27,29,14,24,12,22,29,15,21,19,1,3,11,17,6,21,3,23,7,7,30,10,18,3,11,12,25
15,25,2,22,7,30,14,8,11,30,13,27,6,11,13,8,29,16,27,10,23,12,24,9,21,1,23,26
18,11,11,14,1,27,15,20,19,27,24,4,28,9,26,22,21,26,1,27,18,3,19,17,14,2,3,3
1,23,2,7,8,18,21,30,19,29,27,9,26,23,19,2,23,24,13,14,17,3,19,25,30,26,9,15
23,25,30,29,25,12,20,26,26,18,26,10,19,27,4,22,30,23,1,25,14,17,25,21,20,19,17,29
5,7,7,12,10,7,7,24,29,29,15,14,4,24,7,5,28,4,26,20,30,27,26,8,26,14,1,6
1,10,9,6,26,21,22,19,12,15,30,13,20,10,24,1,8,18,22,21,11,20,24,17,24,27,30,8
12,29,17,27,6,2,24,20,20,9,19,13,3,18,24,13,4,14,1,21,4,25,30,8,23,10,26,11
16,23,12,29,22,14,8,13,29,4,7,19,16,5,11,29,29,9,19,23,27,12,13,11,27,9,5,17
30,9,4,27,6,14,4,28,28,20,22,19,10,11,14,1,8,12,5,29,14,1,10,15,21,3,14,5
10,2,2,13,9,22,14,21,30,10,13,3,1,14,2,10,18,30,14,17,28,12,4,16,5,7,3,29
30,20,6,4,30,30,18,26,19,9,11,19,28,24,2,28,29,2,29,1,29,1,27,21,20,28,7,29
29,17,9,3,19,16,22,10,5,10,4,1,26,7,22,9,20,25,19,5,11,7,17,3,8,3,30,30
23,16,14,2,24,20,28,2,1,9,30,13,3,22,23,20,29,29,5,23,10,19,2,25,9,3,18,23
1,6,25,17,16,23,18,20,26,2,8,7,9,20,9,11,26,7,3,19,14,27,5,9,28,7,21,5
14,20,23,21,2,6,2,26,14,13,27,10,5,4,25,27,21,29,14,20,10,22,30,3,30,30,10,4
1,16,20,10,3,13,6,7,10,17,5,4,19,14,27,13,11,23,15,10,3,8,19,29,23,1,25,23
20,21,22,3,27,28,25,29,23,18,8,22,28,19,18,5,25,10,2,27,25,17,23,8,15,30,2,23
28,22,17,2,19,14,17,20,26,3,8,21,19,29,21,23,15,23,12,14,21,14,5,14,30,28,28,4
28,14,18,27,27,2,1,2,2,7,4,15,3,28,10,22,2,12,9,27,27,30,23,22,18,18,2,15
17,4,3,21,16,13,22,12,15,12,24,17,29,19,22,9,20,27,12,24,5,13,12,18,20,2,8,29
21,27,9,9,30,16,16,29,4,13,30,20,7,28,8,21,18,22,28,8,8,15,2,22,7,9,11,4
22,15,1,14,6,23,21,19,3,16,18,13,4,24,6,7,28,22,17,7,6,21,1,29,4,30,22,7
25,18,3,21,6,12,7,19,12,16,15,14,7,20,19,3,5,16,4,14,10,25,24,15,23,4,29,2
15,3,10,6,2,15,24,16,13,27,7,23,18,17,26,13,8,3,1,16,3,28,24,19,26,8,28,30
24,18,29,3,13,5,5,10,6,9,13,23,26,3,20,9,9,12,27,23,30,12,8,20,3,14,30,17
9,22,10,25,17,25,22,26,28,4,11,14,12,16,7,30,21,9,20,30,9,16,10,15,12,5,30,13
11,10,30,30,6,19,1,14,29,19,6,2,12,24,11,5,2,14,12,15,5,8,29,25,24,30,9,23
12,26,13,12,26,9,16,18,4,11,8,24,16,23,2,3,3,19,19,15,6,5,14,29,24,16,9,3
12,6,7,6,10,8,3,4,6,24,7,3,9,23,1,21,6,18,29,12,7,27,22,5,12,24,18,8
12,15,19,10,1,14,7,29,5,2,14,8,21,28,28,9,13,16,7,13,4,24,23,6,17,27,26,15
15,2,25,17,21,25,22,21,6,27,3,25,16,3,16,4,4,21,21,10,30,13,23,26,18,5,4,18
23,13,23,4,18,23,15,4,8,28,18,27,6,7,3,16,14,12,28,2,9,20,3,27,7,17,16,2
10,29,29,16,22,5,29,24,4,29,7,24,19,13,26,7,4,25,4,23,10,7,13,7,8,2,10,4
11,27,28,2,7,13,24,9,30,2,5,2,9,10,13,15,5,4,13,26,24,26,23,12,13,24,22,4
17,22,9,21,25,26,14,7,2,6,18,6,19,18,7,2,21,2,15,1,24,28,3,4,19,14,11,15
4,16,19,13,22,20,23,8,23,15,8,14,26,6,14,30,17,8,7,6,20,22,22,11,9,21,10,20
20,6,2,11,15,30,3,17,17,5,15,30,25,30,9,6,25,2,5,19,14,4,17,12,7,5,25,13
24,9,5,1,10,4,18,18,14,27,29,27,3,28,13,12,24,8,12,20,13,16,16,8,16,22,6,17
19,20,4,11,5,21,23,9,1,14,20,22,12,22,23,29,4,9,16,17,21,6,19,30,24,6,30,8
23,27,15,19,28,2,29,24,23,18,22,13,6,5,12,10,19,20,9,22,23,18,4,7,7,19,26,14
2,5,18,30,21,15,16,4,30,1,24,10,23,30,7,16,18,4,12,16,25,9,11,4,28,9,16,5
24,8,13,9,6,16,22,19,30,23,22,21,19,8,11,18,26,29,29,23,12,18,20,3,8,11,20,23
24,15,3,13,30,12,11,22,19,15,5,8,9,19,16,26,13,21,28,17,29,24,8,29,10,23,24,6
19,10,2,26,26,29,25,16,20,9,22,8,27,19,29,11,24,22,15,24,2,25,21,17,13,3,25,1
7,4,4,8,18,6,4,9,14,9,12,10,24,1,6,4,30,20,20,10,25,27,5,19,8,1,4,24
20,15,13,24,5,24,10,17,6,15,20,22,16,20,28,16,10,5,30,2,19,17,18,24,14,15,7,10
29,15,30,18,3,10,20,29,26,19,6,1,21,20,29,16,30,29,25,5,30,20,10,3,2,2,5,4
28,20,10,20,17,30,18,21,15,3,20,6,1,29,20,21,30,29,11,30,18,3,24,15,21,3,10,9
6,27,17,1,6,17,2,6,9,17,15,21,2,8,1,27,10,19,4,2,1,19,4,3,21,6,16,26
27,26,29,14,21,9,16,18,17,19,1,15,27,14,13,14,15,21,28,11,2,27,6,2,29,9,9,18
24,14,10,30,2,7,10,14,18,1,1,24,23,13,11,21,19,20,5,17,7,20,18,1,8,6,24,1
20,28,16,12,1,28,25,4,9,1,14,21,5,29,27,15,20,5,18,19,17,16,14,10,5,22,12,4
26,10,23,27,13,10,25,20,16,20,24,26,19,8,12,18,7,14,13,8,24,4,12,3,18,6,15,5
14,6,8,9,17,21,8,30,9,18,9,25,5,7,30,1,12,23,1,9,4,27,3,21,10,4,11,23
29,20,9,8,26,20,7,10,12,16,9,29,30,13,10,20,6,18,4,18,5,11,21,26,5,6,1,18
3,17,29,13,11,16,1,19,9,2,30,15,30,20,19,27,14,3,10,22,18,14,16,22,1,24,18,18
29,14,3,21,20,20,7,25,17,26,18,15,12,21,11,4,18,19,18,15,23,25,12,3,27,10,30,20
2,8,13,17,28,13,20,26,29,10,26,11,14,24,11,18,15,25,10,27,3,12,4,13,6,4,26,5
2,1,24,11,20,18,24,10,14,1,18,29,2,16,5,9,24,7,2,29,14,24,19,2,30,4,17,21
4,1,12,25,18,15,24,29,16,16,22,26,1,2,5,14,8,11,25,18,7,26,19,30,3,27,21,9
12,23,11,16,2,4,6,14,20,23,12,17,22,7,23,9,16,6,29,13,20,5,25,20,9,29,14,9
12,12,22,21,25,16,17,24,5,6,25,28,26,22,24,15,30,9,27,1,3,11,14,27,29,8,20,8
28,22,7,4,20,28,2,9,2,21,23,6,20,30,4,11,11,2,18,28,12,11,20,1,2,13,6,2
29,25,22,17,27,10,26,14,29,22,8,28,20,16,14,9,17,22,12,4,7,4,17,28,21,22,26,18
2,7,2,7,23,1,10,7,30,6,10,10,4,21,12,20,24,20,9,27,27,11,14,11,2,2,25,25
9,25,27,6,15,8,12,22,20,1,6,19,6,8,10,11,13,2,30,17,22,27,5,1,13,30,21,21
23,22,5,21,6,15,28,6,10,4,26,26,9,20,30,23,15,20,21,20,2,3,29,30,3,9,4,12
21,26,23,16,18,21,30,29,26,15,14,21,10,5,2,9,7,5,8,2,28,12,16,23,9,1,20,21
23,6,19,28,12,16,16,14,12,11,9,18,21,2,28,1,7,1,10,27,2,20,24,28,1,2,15,9
10,30,7,17,1,10,6,21,26,17,9,25,20,18,28,27,26,21,12,27,14,16,17,9,21,23,19,4
12,21,27,11,2,7,4,12,4,22,17,12,26,7,5,20,22,16,8,14,23,27,3,11,21,19,26,25
14,29,26,9,21,3,9,6,20,29,24,14,14,16,24,4,4,30,1,8,11,27,17,6,16,5,11,16
19,16,21,14,11,10,29,6,27,9,22,23,28,30,30,23,23,25,1,7,4,29,8,21,18,18,14,17
12,21,23,16,23,24,17,5,9,11,3,5,18,19,8,25,9,9,10,12,27,25,13,21,5,4,12,21
9,1,26,24,26,12,24,6,16,6,1,4,13,26,15,13,23,26,20,16,21,13,12,10,9,3,20,18
8,3,11,19,13,27,26,9,15,10,10,7,25,2,9,4,8,7,29,1,11,1,29,10,15,27,30,26
19,17,15,23,23,7,29,14,25,12,22,17,1,6,29,14,16,14,22,19,5,9,2,3,4,19,7,8
5,2,5,17,28,30,20,28,25,17,14,18,4,26,9,26,16,13,1,5,2,15,24,2,5,11,22,11
16,13,19,4,30,21,10,24,8,5,19,1,16,2,20,30,30,4,16,9,30,7,17,21,19,3,6,20
8,4,12,17,9,10,12,12,28,11,19,14,16,15,19,11,24,30,19,1,26,25,2,2,26,13,11,9
26,28,16,28,15,20,16,4,24,3,23,6,20,9,2,19,15,3,24,16,18,7,28,19,14,6,25,14
2,10,22,26,30,3,16,30,26,21,29,27,29,15,17,22,7,13,11,18,23,14,17,24,20,26,22,20
1,27,14,10,26,3,3,14,11,28,7,17,23,2,24,24,4,27,17,4,20,6,12,1,25,8,21,19
23,29,6,5,12,27,30,29,8,20,2,27,13,4,11,10,7,25,25,22,21,24,20,23,9,18,30,26
15,14,15,18,12,15,21,13,22,2,5,27,3,25,17,15,26,20,22,17,25,2,25,30,14,30,28,30
9,14,26,25,27,4,15,25,5,14,15,28,13,28,19,5,21,28,19,27,7,5,27,20,27,14,1,13
20,15,5,13,17,22,4,9,7,11,30,29,11,23,11,13,5,24,5,28,14,20,10,16,11,2,24,5
17,7,29,14,4,2,5,20,9,3,12,21,24,10,29,11,28,21,17,14,24,15,15,3,10,4,30,1
5,19,3,15,29,30,23,1,12,17,26,9,18,22,4,3,13,14,4,5,21,30,19,21,16,10,11,2
22,27,5,30,2,5,15,21,1,27,23,25,18,29,29,12,25,8,26,3,12,12,21,27,1,25,10,6
1,12,30,19,19,21,9,16,12,26,8,13,7,14,3,16,21,9,17,23,2,7,26,9,14,8,21,10
6,9,30,7,26,10,20,19,28,4,6,27,20,13,30,30,1,14,27,28,10,5,6,22,9,18,5,24
16,22,6,12,1,29,10,4,26,1,18,28,24,15,19,17,4,20,3,19,8,27,9,1,12,23,1,2
3,9,29,9,6,26,3,6,29,25,27,22,4,27,4,1,26,29,5,25,17,20,19,19,16,16,17,20
14,5,30,8,29,9,1,18,2,10,23,29,12,13,18,9,23,11,16,11,24,8,5,13,19,6,15,14
21,10,23,20,9,14,23,24,25,20,24,25,27,17,29,17,7,6,14,4,2,10,27,5,1,6,27,6
1,17,19,23,25,17,28,22,17,3,20,29,20,25,15,4,18,21,15,7,10,19,7,13,23,11,13,12
14,19,19,4,17,18,24,9,1,1,1,10,20,7,30,4,17,15,14,8,26,23,17,10,21,20,26,12
11,7,30,14,5,17,9,28,14,17,13,3,1,6,3,17,21,6,18,3,20,3,26,8,28,5,16,21
3,9,13,27,22,13,28,25,1,18,5,4,29,2,20,1,3,12,7,20,21,30,20,16,2,24,23,8
11,22,17,1,1,18,26,6,5,16,12,19,9,9,16,4,2,15,5,18,13,26,6,16,29,27,1,3
20,27,26,29,21,20,14,10,2,5,3,11,7,15,27,18,1,19,12,12,14,17,14,18,19,5,26,16
17,1,3,4,17,24,16,8,21,13,29,19,26,7,3,28,12,24,11,28,29,19,16,10,16,20,19,4
13,8,10,16,25,28,23,2,3,30,25,14,30,20,28,18,21,23,16,7,15,17,6,26,24,28,18,29
15,23,18,28,5,13,25,13,3,13,24,28,15,2,25,13,30,28,29,10,21,29,20,23,4,12,20,27
3,15,22,27,11,25,17,10,13,27,9,17,25,16,15,8,30,19,23,14,22,24,27,27,30,8,8,17
3,25,25,23,24,29,10,19,22,28,17,21,15,15,30,3,20,12,15,6,14,13,24,16,20,6,5,10
18,26,28,3,17,1,8,18,3,17,24,27,6,26,16,2,2,3,29,7,24,24,8,18,24,2,3,21
1,10,4,18,25,1,1,27,30,14,4,15,8,13,30,4,19,18,1,18,27,22,14,17,8,28,16,24
19,11,10,15,28,17,17,24,13,6,3,5,25,20,3,18,29,15,30,11,25,5,29,6,2,16,25,9
26,17,11,28,15,7,9,20,5,20,17,22,26,7,21,13,16,26,23,7,20,26,19,23,29,5,30,15
12,4,13,13,23,9,29,26,26,6,21,18,12,14,14,10,28,9,16,18,14,17,20,7,23,18,20,30
29,18,29,10,8,24,8,1,7,5,29,18,9,25,17,11,6,5,26,6,13,9,25,21,20,12,1,25
15,7,20,5,19,29,28,9,7,11,11,18,6,13,4,24,10,28,10,20,30,10,2,19,23,14,18,20
23,9,21,26,24,13,17,1,16,25,29,10,27,9,5,25,24,8,30,1,6,2,12,22,2,12,26,5
5,1,12,6,12,8,16,28,21,16,25,24,26,4,8,15,29,1,23,22,5,7,25,16,14,17,15,21
28,29,24,12,18,12,26,15,13,24,29,19,23,8,5,9,14,7,5,3,25,27,23,2,20,4,1,29
7,27,22,25,24,25,30,22,23,13,6,14,8,23,2,6,3,4,29,28,3,17,3,7,13,12,27,2
6,22,23,14,12,28,9,17,3,4,26,29,9,13,17,1,2,21,25,2,25,18,30,17,6,4,26,21
25,15,13,13,29,28,17,1,21,22,3,11,15,16,3,29,9,1,19,20,1,2,6,22,18,26,7,18
23,7,8,9,2,18,22,18,21,13,30,11,26,16,11,10,19,14,17,10,15,1,9,6,15,7,21,23
10,22,25,4,22,30,8,15,14,24,10,27,24,16,8,26,1,9,24,15,22,26,3,4,9,28,3,22
28,3,25,25,28,29,9,30,18,27,20,27,8,26,26,25,5,21,16,30,24,13,6,6,13,6,2,14
19,22,26,25,27,17,17,12,30,15,29,26,7,8,8,4,20,27,7,26,1,9,30,19,12,4,29,16
27,19,13,23,28,26,12,27,2,26,1,22,10,14,25,20,22,21,23,16,6,3,16,17,30,6,14,11
23,7,13,23,19,2,16,12,3,7,28,12,27,12,2,25,27,15,17,17,14,10,27,22,11,13,10,24
3,26,24,22,13,2,5,25,13,8,4,9,29,14,18,15,23,12,19,25,2,22,21,15,20,27,27,13
11,21,13,6,22,22,9,7,14,7,30,26,7,7,12,19,12,8,18,30,23,12,30,30,25,16,23,12
6,10,2,16,5,22,15,23,26,29,17,8,6,11,2,16,13,23,18,25,10,2,3,13,9,27,21,29
22,14,11,7,29,27,1,5,6,14,21,15,22,20,24,14,22,11,25,12,11,14,18,2,29,29,3,4
7,20,7,9,2,17,2,12,18,11,9,10,10,28,11,29,2,3,3,20,9,19,22,28,3,10,18,8
27,10,9,30,25,27,28,17,8,13,14,5,19,12,27,11,3,16,2,13,4,19,30,26,26,13,26,18
28,10,7,23,29,24,16,9,3,9,16,14,1,25,22,20,20,28,2,27,23,11,26,17,8,6,5,8
10,13,5,12,2,10,19,29,7,22,7,25,26,19,8,24,1,19,13,9,28,11,7,29,11,29,26,18
14,20,15,24,19,9,29,21,5,4,12,21,7,24,13,29,22,7,2,5,4,2,17,20,23,27,10,29
7,7,2,3,15,2,15,18,7,13,7,18,20,18,19,27,7,22,3,5,29,9,7,4,28,21,15,12
3,25,1,23,29,30,14,29,3,10,7,6,9,26,22,10,1,14,15,16,14,21,14,2,24,6,1,29
30,28,5,25,17,3,15,12,12,14,19,21,4,21,25,28,16,28,26,3,17,28,3,14,6,29,29,13
12,30,30,24,30,16,29,5,5,13,19,6,11,10,28,18,25,25,12,23,26,17,16,26,10,28,12,3
25,22,19,19,5,3,1,13,15,26,22,19,22,20,23,4,10,20,23,7,30,16,20,12,18,6,17,26
14,4,14,2,4,27,11,14,24,30,2,9,10,16,3,29,4,23,2,7,24,13,17,20,6,6,4,9
2,8,2,30,16,5,29,11,13,20,16,26,10,10,10,10,19,15,27,15,13,21,8,25,4,11,2,2
18,24,26,29,24,2,12,17,29,3,23,5,17,22,17,14,8,7,28,15,3,7,2,22,9,19,26,12
30,7,26,6,4,28,24,19,24,17,3,8,28,24,11,17,22,23,28,22,5,24,17,28,14,18,29,11
23,5,21,5,6,1,17,23,8,18,2,19,29,28,21,22,5,20,17,10,27,15,30,17,22,5,8,7
21,28,23,16,30,14,27,20,27,28,3,28,7,19,10,4,21,10,24,7,4,26,23,24,2,20,15,8
5,4,14,1,24,11,3,10,26,16,20,15,2,1,25,7,18,19,4,8,6,27,26,12,12,1,3,25
5,29,15,10,30,19,15,23,15,2,5,26,17,30,9,5,20,9,6,3,2,17,7,14,16,7,3,9
9,2,20,23,8,8,5,28,2,10,16,13,17,2,22,16,14,9,22,6,18,21,23,4,26,1,24,19
23,2,25,23,17,6,15,14,13,13,18,9,26,12,4,10,23,23,16,30,25,21,30,8,15,28,21,18
10,16,27,8,15,17,5,1,16,23,27,12,17,9,4,2,21,14,11,7,18,13,11,4,15,24,24,2
3,17,9,20,15,28,5,27,16,10,25,9,7,4,25,1,26,5,14,17,17,28,17,2,18,15,1,27
6,24,23,21,23,4,29,29,15,8,27,20,4,7,17,12,20,2,1,14,18,11,8,11,11,8,15,5
1,8,3,1,27,8,22,22,17,4,17,4,5,26,17,19,9,24,13,11,11,6,12,16,14,17,10,25
17,13,11,16,19,24,29,7,6,26,24,27,15,26,25,17,15,28,9,23,24,19,3,17,25,5,25,25
26,17,18,10,29,27,5,5,23,1,15,12,28,10,14,13,1,17,26,15,12,26,1,16,8,18,2,29
11,24,22,14,29,4,11,20,9,14,29,19,22,20,24,15,13,28,25,15,6,20,17,9,10,11,14,1
16,2,3,12,26,7,24,29,10,1,14,24,29,24,4,17,19,8,24,22,3,17,3,11,23,17,23,21
8,13,5,19,21,11,5,8,12,17,23,15,27,25,5,12,15,2,16,12,17,30,21,2,17,23,29,29
29,22,20,9,14,4,22,27,27,25,4,19,20,27,6,2,15,9,26,8,12,21,26,22,2,12,5,8
23,3,3,28,13,6,9,20,28,14,2,23,3,8,16,20,28,28,22,20,25,19,18,8,27,21,17,9
26,28,8,2,30,15,5,24,23,6,6,15,19,16,4,1,7,3,5,5,5,7,24,5,20,15,13,4
16,25,2,22,19,30,24,30,7,30,24,19,4,23,28,23,22,8,2,10,15,17,2,25,17,13,4,20
5,3,12,15,3,1,8,29,5,14,26,19,22,5,24,7,9,16,1,13,9,2,14,13,14,4,19,29
23,7,6,6,27,5,26,5,19,9,16,3,15,30,18,8,12,13,18,11,23,25,16,1,13,21,12,4
20,29,2,30,12,10,6,28,9,21,22,18,9,20,19,30,1,29,29,10,14,6,2,1,16,9,6,29
21,5,24,7,24,22,15,20,8,17,22,6,25,21,30,22,22,1,3,4,6,16,1,15,23,3,21,15
28,2,14,4,4,7,8,5,27,16,25,17,5,30,23,14,7,24,15,23,7,11,10,15,7,3,24,5
4,10,14,21,2,1,22,6,3,18,2,18,13,25,25,6,7,16,29,6,24,18,8,30,18,28,8,17
23,29,28,2,14,3,1,17,2,4,16,5,8,17,11,20,22,28,11,12,16,4,9,21,5,18,12,17
3,15,4,4,24,6,14,4,21,1,5,11,25,9,4,4,30,24,29,7,7,18,8,20,18,27,2,19
21,7,27,27,22,14,14,18,30,12,12,3,4,7,30,22,24,30,17,8,1,6,22,11,20,5,11,15
8,15,17,27,4,25,14,14,4,8,20,12,25,17,4,19,13,26,3,30,19,17,27,18,10,25,19,15
16,17,8,17,4,29,11,16,26,15,29,10,24,16,18,16,11,6,13,15,2,4,28,24,3,11,27,22
18,29,18,10,7,29,29,18,1,3,8,27,6,19,23,29,27,24,7,4,29,12,8,4,12,4,14,13
19,14,15,24,3,20,28,27,27,20,3,25,18,30,15,8,28,17,9,14,11,29,28,9,4,24,23,7
22,14,28,3,16,17,29,18,19,15,24,17,21,27,3,8,21,12,16,29,27,30,7,26,26,30,2,20
17,6,20,10,27,22,6,13,22,1,9,2,2,28,20,14,23,22,23,15,27,21,18,22,8,25,10,23
8,2,8,17,15,9,2,13,25,15,21,30,22,20,16,21,3,15,28,30,10,23,4,4,7,18,24,27
19,28,2,3,12,13,6,20,23,23,17,23,27,8,19,8,2,24,23,8,5,27,19,23,27,11,13,16
29,4,10,27,16,6,25,27,13,18,19,9,14,26,28,11,28,6,4,3,4,26,2,14,26,16,22,22
10,10,7,1,1,21,22,20,14,21,7,22,14,23,25,15,6,15,24,9,30,9,25,21,8,10,12,3
3,27,2,30,14,3,18,4,12,18,8,24,5,9,27,8,30,13,20,12,1,18,8,11,23,13,23,1
15,16,24,21,10,19,17,18,20,7,8,11,5,21,3,19,7,30,5,21,12,18,22,25,21,30,2,15
19,21,8,1,10,17,20,27,24,18,15,16,23,10,19,23,5,9,8,11,16,20,4,23,8,3,19,27
24,29,1,10,18,2,29,29,30,7,1,18,2,6,25,20,16,20,29,3,29,30,21,12,23,22,30,30
18,15,24,8,28,23,4,26,18,6,29,21,11,21,24,29,8,20,9,10,26,15,8,19,5,17,29,25
9,19,17,26,3,30,11,15,14,24,20,9,3,29,3,11,22,9,22,9,6,23,4,4,13,20,4,3
8,5,4,12,25,10,18,29,19,3,18,12,10,10,15,15,30,1,8,27,12,28,28,26,26,20,19,17
15,14,13,13,26,9,7,9,21,9,14,24,12,4,22,19,21,11,30,27,8,20,4,13,13,8,22,11
8,8,16,6,21,2,14,5,20,6,16,2,3,7,25,21,17,14,16,9,6,9,6,15,20,22,9,26
10,1,30,19,18,27,2,13,23,9,3,11,21,18,29,16,26,29,25,2,26,14,27,30,23,13,5,30
2,2,16,29,23,19,25,20,6,27,15,6,6,12,28,8,12,5,19,19,10,21,20,22,28,8,1,27
4,1,27,5,22,2,11,22,23,4,18,2,23,9,10,29,15,19,27,14,16,19,18,18,25,17,20,12
12,25,2,15,19,29,16,6,30,11,14,4,1,6,15,8,17,17,26,1,12,21,7,9,12,17,11,16
13,10,10,6,13,30,11,29,3,3,13,24,24,4,29,5,6,24,13,11,4,11,1,9,22,19,30,21
18,23,4,3,19,1,23,21,1,9,21,2,26,17,6,14,4,2,8,8,23,3,4,18,4,1,12,3
9,1,14,25,1,21,11,10,30,11,6,23,12,9,4,27,3,12,15,18,5,17,5,20,11,23,29,15
20,16,29,19,19,20,12,1,26,26,2,6,6,26,15,23,26,15,26,14,30,7,15,23,16,25,29,23
26,24,15,8,22,27,20,14,13,18,5,23,27,3,2,8,11,10,13,9,2,13,24,26,27,15,15,14
2,6,4,25,22,20,5,2,12,24,14,10,6,2,11,9,11,4,18,27,5,8,12,6,13,20,21,14
30,19,12,8,12,7,13,7,15,10,1,7,29,1,26,18,26,3,3,1,2,16,16,23,28,19,9,24
25,28,13,3,30,21,2,24,12,7,29,30,20,4,25,1,4,11,28,5,12,25,10,10,17,21,12,15
4,20,10,23,29,19,13,17,27,29,8,9,30,3,6,20,5,4,11,29,21,15,20,17,21,5,12,30
18,4,16,9,9,17,21,23,27,6,2,1,21,8,4,5,3,20,6,10,20,21,5,13,10,14,25,19
1,24,3,25,8,14,30,24,13,30,30,13,13,14,23,30,3,10,8,13,11,15,14,1,29,3,11,27
29,4,29,26,23,2,23,4,3,7,24,8,9,11,22,4,20,23,27,7,28,5,11,1,6,12,9,16
10,3,26,5,4,3,25,10,1,5,21,12,21,20,28,26,17,30,5,1,23,11,11,7,6,4,29,25
24,29,20,11,24,7,24,1,12,19,5,6,16,13,4,16,3,16,16,9,8,15,15,6,8,9,23,30
22,20,30,30,4,1,17,3,16,10,18,14,26,28,15,28,26,29,15,11,8,26,4,20,19,21,17,9
15,14,4,16,15,25,9,23,20,6,2,15,26,1,30,23,28,2,13,11,30,17,11,9,24,13,23,26
16,11,11,14,15,8,18,2,6,3,30,2,19,23,9,20,27,30,15,7,27,12,22,17,8,7,10,28
3,26,22,3,2,14,7,10,25,18,1,19,14,28,17,26,3,12,22,8,9,21,12,25,28,17,30,5
19,25,7,8,29,20,29,11,12,28,30,5,16,30,26,9,29,27,24,29,25,27,15,27,15,2,20,13
14,28,6,16,15,3,21,1,12,24,20,24,29,7,14,6,12,17,23,10,26,3,26,1,24,2,11,22
10,10,23,27,1,17,28,15,23,14,21,13,9,25,28,6,8,30,30,18,14,10,15,29,10,11,18,12
2,5,23,13,23,29,21,2,2,23,23,13,10,29,13,28,26,10,1,1,6,21,23,24,2,23,9,1
25,25,18,21,30,16,13,18,22,9,21,11,4,26,4,15,7,17,9,15,27,18,3,1,10,17,6,12
13,30,12,1,20,21,7,8,6,3,13,24,17,26,7,18,20,21,27,10,17,9,17,15,14,25,4,8
22,18,11,13,11,2,6,22,27,20,21,14,19,27,10,5,4,16,29,1,12,15,12,20,20,26,25,4
13,27,18,25,17,30,16,19,23,30,13,15,21,15,21,30,30,14,22,20,29,13,11,28,27,4,27,7
6,21,24,15,7,2,10,1,3,26,27,20,12,22,13,5,3,14,10,27,25,12,21,7,5,6,6,1
16,20,29,14,4,10,13,2,7,29,9,20,6,21,27,4,17,3,9,8,1,7,25,14,24,30,13,24
1,17,10,2,26,9,16,13,28,14,16,3,10,11,28,5,6,20,22,4,16,17,20,3,28,29,1,9
25,15,20,5,27,19,2,21,19,7,25,27,5,15,7,4,17,7,29,20,10,21,8,4,8,9,9,15
27,8,5,28,9,7,18,13,24,12,6,21,10,7,16,29,26,25,30,1,10,16,16,21,1,11,29,5
7,17,27,19,11,17,24,12,3,28,19,29,27,25,11,6,1,8,11,3,6,10,9,13,10,8,5,12
22,14,27,28,8,14,6,8,15,18,11,23,14,5,26,29,7,1,5,16,6,11,20,23,1,26,30,28
9,14,9,3,13,13,20,20,1,21,21,13,19,4,21,14,28,18,20,1,14,10,7,9,4,19,6,11
24,4,28,13,15,9,30,2,9,9,10,2,15,7,28,17,11,23,28,2,21,7,26,14,7,29,14,29
8,1,29,25,7,9,27,27,23,8,28,11,5,19,5,20,8,19,17,8,12,20,28,12,22,5,21,17
9,15,6,17,25,1,24,9,10,16,25,6,11,2,24,3,25,18,28,2,2,7,6,18,12,6,17,18
3,18,4,2,19,10,19,9,3,12,16,4,26,27,10,22,24,11,28,11,26,26,17,4,8,19,16,3
10,18,5,20,15,6,7,22,13,23,18,1,14,16,1,14,2,24,7,6,27,14,25,2,8,6,23,8
1,30,25,1,24,16,30,15,7,27,20,20,20,18,10,1,24,27,28,11,25,4,3,15,13,10,6,26
24,4,12,9,14,30,22,14,29,17,7,28,17,17,7,6,4,17,16,9,5,25,8,11,9,12,13,27
27,11,18,15,11,4,21,3,16,12,7,21,27,27,3,7,21,1,25,8,27,28,11,27,25,28,22,29
26,1,30,2,17,25,17,18,29,23,18,13,26,5,20,22,10,25,13,8,23,1,21,9,18,6,30,30
1,22,20,13,13,22,7,15,12,5,5,2,10,15,8,28,14,12,12,23,8,19,17,30,15,14,7,25
10,22,14,12,25,17,18,8,4,5,1,5,28,5,11,6,21,11,29,8,24,24,25,7,24,8,23,12
6,21,29,29,16,12,6,20,21,24,7,24,28,1,25,10,11,8,26,3,9,11,10,4,16,30,2,16
27,8,18,18,25,6,2,13,6,2,20,16,30,21,15,28,5,6,11,23,30,16,26,16,12,21,4,25
12,25,14,16,11,20,23,14,6,19,29,22,30,12,4,10,19,11,3,18,27,12,30,10,19,10,17,12
12,3,7,4,3,7,2,12,19,4,6,10,28,1,23,16,7,19,24,18,13,17,28,2,18,16,29,30
25,4,28,1,4,12,2,4,13,26,20,23,11,22,21,15,6,23,21,26,20,15,4,30,16,29,29,26
5,6,17,18,9,2,18,15,7,5,7,16,30,20,3,12,30,2,8,22,26,13,26,25,25,3,11,10
30,28,16,5,14,7,29,8,9,3,14,9,4,7,9,2,17,5,27,1,13,23,30,15,21,7,30,22
10,22,23,7,22,8,15,9,19,3,3,23,21,26,3,28,18,30,18,20,4,25,9,20,6,10,28,8
28,1,14,7,7,7,28,17,10,8,17,26,22,1,13,14,3,4,11,17,20,3,28,22,20,11,19,15
14,3,2,12,11,8,12,19,19,26,17,14,28,16,18,11,13,22,29,4,12,25,18,2,30,11,18,26
4,23,18,27,19,13,4,8,6,5,16,14,20,25,25,8,18,27,20,4,15,18,9,28,12,15,3,19
16,30,12,30,20,16,16,27,9,21,25,15,13,11,5,8,7,16,14,18,1,10,15,4,22,14,12,16
14,21,15,4,10,15,23,6,24,16,24,4,10,29,30,28,2,5,22,5,13,1,21,27,2,16,19,6
16,9,8,7,5,30,13,18,6,22,5,28,18,29,15,21,22,11,9,3,11,17,2,18,23,7,4,14
30,19,3,25,27,18,21,15,9,18,30,10,16,12,23,11,30,24,17,15,16,30,6,21,7,17,25,29
8,21,14,28,27,30,19,17,19,11,2,30,9,1,13,5,12,30,17,30,25,22,18,30,20,19,28,30
14,12,19,11,24,22,7,18,4,2,14,17,24,6,22,20,22,18,6,15,18,1,10,8,30,26,5,17
3,15,8,8,2,19,4,8,22,22,7,18,24,25,1,10,16,1,6,20,30,29,8,3,14,13,13,13
2,11,11,28,17,21,16,20,24,6,15,6,2,15,28,1,11,19,22,23,1,1,22,30,20,15,18,5
7,6,25,19,6,22,6,12,11,9,1,3,10,11,17,10,16,1,19,15,1,7,23,26,22,21,12,2
19,11,9,3,4,12,14,19,12,27,30,11,10,17,20,2,18,19,13,21,15,12,15,19,27,3,4,30
14,30,28,15,10,5,23,1,1,29,30,28,28,28,29,19,2,8,6,15,17,21,8,4,8,22,18,7
27,20,6,2,9,14,6,13,30,16,1,5,25,20,2,20,20,16,24,17,14,26,18,19,27,20,14,23
22,24,7,19,18,16,4,11,23,28,20,14,23,17,20,17,8,1,21,27,20,18,15,23,29,1,24,1
3,17,5,19,1,13,21,6,9,13,18,9,16,21,27,22,26,10,24,28,7,1,12,26,30,17,4,5
10,14,20,17,23,4,8,6,24,1,14,10,26,15,8,25,14,12,11,30,21,23,28,19,7,26,25,2
6,9,20,14,10,17,26,25,23,2,17,13,13,22,28,25,27,14,2,23,24,17,13,18,6,5,14,18
17,1,10,27,10,6,1,15,11,30,1,10,19,14,2,13,26,29,17,30,26,3,23,23,24,3,9,19
27,3,9,6,3,9,9,22,22,20,4,7,21,14,14,27,14,23,4,11,16,1,23,7,18,14,23,14
9,17,3,8,28,13,19,9,21,25,7,11,5,10,22,6,26,10,10,12,19,26,10,2,29,29,3,27
11,2,19,19,17,25,14,5,17,26,10,8,26,6,7,20,16,23,6,6,10,17,12,9,5,11,25,13
8,2,9,29,10,22,29,20,7,19,25,10,27,17,19,30,30,3,17,14,20,20,16,7,24,28,18,24
21,10,15,6,1,1,27,15,18,12,28,4,8,18,13,28,29,26,9,23,28,12,9,3,25,12,24,19
16,3,6,12,5,6,30,27,4,19,10,26,21,4,13,19,5,13,7,3,7,19,8,28,20,25,26,9
2,13,12,19,8,9,30,15,6,16,29,3,18,17,25,10,17,13,3,24,30,20,28,12,6,22,12,28
25,8,23,11,10,21,25,22,8,21,19,12,5,29,13,19,14,4,15,21,25,29,12,7,23,2,10,13
15,1,14,16,28,2,20,29,23,19,23,28,22,3,3,26,25,21,19,1,7,10,28,2,8,21,4,27
27,17,18,9,12,13,7,8,8,4,15,4,9,15,26,26,12,18,30,22,27,16,13,2,13,9,6,6
3,12,9,7,28,24,2,7,1,15,16,10,27,25,19,21,7,16,23,23,14,3,20,20,22,12,30,11
5,17,26,4,7,2,5,26,25,9,6,15,13,20,25,28,3,20,26,2,28,22,26,28,16,14,23,1
22,19,15,17,24,22,2,15,19,12,3,25,21,23,27,28,10,8,10,24,8,23,18,2,17,28,13,13
21,29,18,24,10,4,4,6,24,20,21,22,18,10,9,21,18,1,12,6,26,28,18,9,5,29,23,30
1,14,30,26,9,19,24,21,24,9,16,17,19,21,5,21,17,18,6,29,14,28,14,17,17,8,18,24
12,10,20,11,12,5,6,11,21,25,14,29,17,19,27,10,15,26,17,5,24,27,22,17,23,25,16,4
30,14,10,1,2,1,10,15,20,5,5,15,16,24,1,22,5,7,12,25,1,5,2,22,22,13,30,15
19,3,19,17,19,2,12,8,16,13,28,16,10,13,20,11,21,2,20,30,27,30,13,16,13,22,3,25
12,18,10,19,1,25,26,17,17,19,27,14,13,23,7,22,10,27,16,19,15,21,2,20,24,30,18,19
21,3,4,27,30,17,26,28,3,10,15,15,17,4,25,2,6,7,18,4,24,21,7,17,6,15,10,21
17,21,26,2,8,8,27,14,15,30,15,26,28,9,20,30,12,1,2,12,27,30,15,17,13,14,26,30
27,18,21,15,7,5,12,13,15,14,8,10,7,11,18,6,23,22,7,15,2,7,6,6,13,29,25,17
7,9,19,24,12,27,18,28,9,30,19,24,28,7,16,28,24,23,5,16,13,10,25,21,8,11,29,20
13,16,3,9,11,25,7,6,25,14,28,11,24,21,27,23,4,14,18,25,21,8,13,21,24,9,5,28
14,29,17,2,28,28,15,24,28,10,13,3,1,10,3,10,25,25,23,22,13,2,17,25,24,5,29,5
3,12,16,2,20,10,23,27,27,27,13,26,6,4,26,24,1,15,24,12,5,3,26,29,17,13,15,13
12,23,8,24,29,11,21,16,24,12,14,22,18,7,14,29,12,27,17,10,7,24,24,9,12,18,30,1
16,18,16,8,25,11,15,4,19,20,27,26,13,10,30,19,2,2,24,29,20,28,18,20,27,6,6,19
29,30,13,12,11,21,30,7,27,6,28,8,23,10,10,22,30,22,27,27,24,6,8,10,24,2,11,19
1,26,11,20,5,26,6,20,8,16,16,23,10,24,23,26,5,17,6,11,18,26,20,6,9,9,26,24
22,3,18,9,10,12,7,1,26,8,3,27,5,21,14,15,7,4,18,1,14,12,5,8,27,1,1,5
6,6,11,26,1,12,28,6,29,7,14,29,17,22,1,28,14,9,7,28,12,6,29,5,22,26,11,11
29,11,13,10,11,3,26,20,27,8,27,24,24,9,16,30,21,19,14,22,12,8,24,18,25,4,23,1
8,7,5,6,1,18,7,19,25,5,18,15,26,12,1,7,13,14,5,3,21,30,14,4,12,19,29,21
17,25,15,8,10,26,13,21,4,22,23,6,3,28,5,17,1,30,26,1,8,18,5,12,30,21,11,8
23,1,24,12,19,16,3,1,20,11,6,1,30,10,4,22,21,29,1,23,25,27,3,13,23,29,14,30
20,4,8,19,15,5,29,3,28,11,18,17,26,5,28,20,24,26,2,28,14,14,21,2,20,18,14,26
29,12,19,21,3,3,11,16,4,17,17,25,12,2,24,10,12,15,28,20,30,14,19,28,28,16,16,7
14,7,30,28,22,4,5,16,23,27,14,23,25,13,17,8,10,7,17,13,20,11,20,5,21,24,27,15
24,21,24,17,18,4,3,27,18,19,4,9,27,9,18,15,2,6,26,17,27,12,19,21,30,3,18,3
17,25,8,28,7,20,23,2,4,27,5,22,11,20,21,21,3,9,16,12,24,6,4,16,29,10,19,13
3,3,18,16,17,30,11,23,12,7,2,8,17,17,12,5,1,4,7,8,22,29,19,21,17,7,9,12
22,23,30,28,2,11,30,1,10,20,5,11,10,28,10,27,8,9,26,8,24,30,15,25,3,11,21,4
15,28,29,11,22,29,1,19,8,4,7,6,18,11,26,11,30,27,28,24,20,22,13,8,11,2,18,23
8,5,26,21,20,26,17,13,21,25,19,12,28,21,20,5,3,20,21,13,4,4,26,6,14,28,15,23
15,21,30,21,11,8,11,3,8,16,17,22,25,14,21,5,8,17,26,29,3,9,6,22,11,6,19,5
10,20,8,23,11,24,28,30,26,29,1,20,10,17,27,17,4,29,19,21,14,21,29,27,2,17,20,6
16,8,10,6,20,7,24,19,9,25,12,1,16,21,10,9,16,7,19,16,13,19,19,13,17,28,21,19
22,12,21,24,4,22,15,18,20,26,1,4,24,9,9,10,17,19,6,24,12,20,11,26,28,5,24,28
20,28,20,22,17,5,28,28,4,18,27,24,7,23,20,21,7,16,23,5,10,10,26,29,23,28,8,2
1,26,27,30,29,18,28,22,7,9,17,19,11,12,6,30,22,12,17,19,1,20,19,13,12,20,18,11
2,22,29,19,28,26,27,9,22,27,25,19,25,28,15,28,29,4,24,29,4,27,7,11,11,19,2,11
7,14,18,10,30,18,20,16,10,29,21,15,15,27,8,26,18,28,25,3,6,22,14,9,26,20,7,6
15,19,8,10,25,16,2,8,9,16,20,8,8,29,18,1,14,9,14,8,19,11,24,13,25,29,6,16
1,10,14,11,12,15,1,22,21,12,21,30,25,30,17,2,9,17,26,7,4,14,25,18,6,30,18,5
26,26,16,27,11,17,8,29,3,9,26,24,29,27,10,2,19,15,13,19,25,23,4,8,4,29,12,18
15,27,5,13,28,27,27,26,27,24,19,9,23,18,29,30,22,2,8,7,4,24,29,22,18,29,10,3
22,8,23,12,5,21,14,7,5,14,27,3,1,14,6,25,26,4,27,7,24,4,17,2,21,6,14,22
28,13,26,29,17,24,5,19,1,7,4,3,5,23,26,8,6,6,7,21,18,4,26,14,2,4,10,18
22,22,22,30,7,23,9,22,19,28,16,8,9,17,25,20,1,24,2,2,9,9,27,15,30,23,5,24
18,13,28,13,15,18,28,10,16,4,26,13,14,5,20,8,20,29,12,1,10,7,13,8,2,8,10,13
26,7,1,15,18,15,5,6,1,4,24,22,20,15,5,28,29,20,18,4,19,19,25,1,12,4,15,11
30,20,11,7,9,15,15,9,3,12,25,29,1,15,8,17,6,20,11,25,3,16,10,13,20,6,25,7
12,1,3,15,1,24,6,11,23,17,14,6,1,26,25,18,26,20,4,5,11,9,25,22,23,20,9,15
11,29,17,4,21,8,28,2,9,10,28,7,9,28,25,20,7,6,25,8,21,23,17,1,2,20,27,4
7,12,22,12,16,22,1,25,1,10,15,23,28,24,9,16,22,27,27,14,15,5,15,17,25,2,25,19
13,16,2,1,12,25,25,28,19,17,22,17,27,30,19,27,22,3,10,28,14,1,9,5,24,13,20,2
27,5,17,15,27,13,12,15,9,15,11,4,29,12,28,6,6,10,18,15,17,18,26,22,22,28,5,12
8,27,8,30,6,24,1,14,1,7,21,15,19,4,19,7,23,6,29,3,3,4,30,14,26,5,16,9
10,25,23,30,9,30,8,13,7,11,29,6,11,15,5,30,20,4,27,13,30,19,30,17,29,2,10,4
28,25,5,1,8,22,4,6,15,22,6,19,27,7,1,12,7,24,22,18,29,30,24,23,9,3,10,21
26,7,1,7,21,4,15,12,7,29,28,20,12,30,15,29,28,8,17,24,19,19,10,5,11,23,6,28
1,12,22,5,13,14,11,9,21,30,28,23,22,19,5,9,27,3,7,30,16,26,26,2,17,16,3,8
27,26,26,29,29,18,12,26,8,23,8,28,20,7,8,28,10,25,3,30,14,2,9,9,16,6,13,6
17,21,19,27,11,4,12,25,4,30,24,4,8,10,2,4,25,9,10,9,18,28,22,23,14,4,24,26
18,18,13,23,6,7,9,17,5,12,18,17,26,14,24,11,1,29,22,5,30,6,14,8,27,5,18,19
30,26,13,8,10,17,8,17,18,1,29,2,1,15,29,14,22,24,13,5,5,12,22,15,12,20,26,12
5,6,27,1,19,20,18,10,29,10,7,10,6,8,23,1,30,21,4,16,8,30,16,3,22,14,15,18
4,28,27,21,21,27,12,13,4,28,14,12,27,20,16,13,17,4,29,27,19,22,16,21,16,11,5,5
20,25,10,5,5,30,6,1,13,16,19,10,26,11,27,3,8,22,19,18,15,4,16,18,16,19,30,12
13,6,6,11,22,8,23,10,19,9,8,28,14,15,30,2,16,20,2,8,26,13,14,24,22,17,20,16
9,23,20,17,30,24,19,7,11,8,19,19,18,17,14,29,15,21,5,1,5,15,3,27,17,23,17,30
23,12,19,5,18,8,1,27,20,21,28,20,26,24,21,8,2,14,20,9,30,16,10,1,13,20,12,25
21,24,30,8,8,19,15,30,19,14,1,11,17,18,9,24,24,15,6,11,25,25,26,4,3,8,1,8
2,19,22,29,27,7,7,27,22,20,13,7,9,21,19,18,13,10,23,12,7,16,8,29,15,1,1,26
29,26,5,1,19,7,29,1,22,3,15,10,12,13,3,4,3,29,2,4,6,8,22,24,16,19,2,17
11,24,14,26,7,11,28,26,15,12,19,2,23,19,27,10,25,13,1,24,13,4,27,16,29,27,21,21
4,12,16,30,6,12,21,28,19,19,4,1,15,7,19,21,11,1,12,17,12,12,29,3,19,8,4,8
28,29,27,10,20,8,22,4,27,19,27,11,29,29,22,7,10,30,9,7,15,6,6,29,16,4,10,23
13,13,12,29,9,13,1,21,22,24,12,8,15,16,25,22,4,1,19,13,21,23,24,19,30,27,23,23
23,29,25,16,28,30,22,14,7,28,2,16,29,1,15,16,19,1,22,30,12,14,25,15,15,27,2,20
20,24,29,12,20,8,29,24,29,26,11,16,24,11,16,7,29,4,15,21,9,8,1,29,6,24,12,9
4,11,2,2,29,2,25,14,30,21,26,21,3,21,17,24,21,7,6,1,29,19,16,12,12,12,12,12
24,1,7,27,27,20,20,19,25,9,17,23,17,3,7,9,8,25,18,18,21,7,9,30,18,12,10,16
25,20,20,17,21,13,20,30,14,29,24,13,2,29,30,12,20,14,14,27,12,7,4,17,24,24,21,17
22,8,9,16,10,4,25,5,20,1,3,5,13,8,26,9,2,6,16,23,8,27,10,5,28,14,4,18
16,3,23,27,22,4,8,7,20,8,3,28,5,25,23,20,11,10,14,4,12,25,16,19,8,29,10,26
28,5,19,26,30,7,19,18,8,6,13,10,1,19,19,24,3,19,19,13,5,21,24,19,1,30,6,21
17,5,20,24,24,12,10,16,20,7,28,28,6,5,13,6,27,4,4,24,7,22,17,20,10,27,22,7
11,30,26,30,1,29,1,4,17,20,16,19,10,4,5,26,21,22,8,30,9,19,23,27,27,13,15,26
18,30,14,28,21,3,6,20,12,28,27,8,5,9,19,8,19,15,15,3,18,21,30,19,19,22,29,22
8,29,4,19,14,6,16,17,6,18,29,7,28,15,15,23,25,30,26,30,30,15,9,13,28,12,8,28
1,26,9,29,4,15,12,13,25,9,24,30,24,3,2,1,17,8,6,3,6,7,25,19,27,30,22,23
20,22,21,2,28,19,17,10,10,30,4,14,4,2,28,17,7,26,6,28,14,9,26,21,7,6,22,24
2,20,3,5,23,19,23,4,18,22,2,6,16,22,22,17,5,22,30,4,9,9,13,1,24,25,10,12
26,1,26,23,27,23,9,20,27,29,22,15,10,25,29,15,25,1,12,22,18,9,17,15,6,18,16,24
8,2,12,28,10,12,8,18,27,9,9,24,14,2,21,6,1,16,25,14,10,29,7,23,13,18,25,17
15,12,18,10,7,16,13,26,18,24,6,28,18,12,19,16,22,18,9,16,19,11,14,21,23,2,14,9
26,19,15,22,17,21,3,16,22,30,17,28,20,26,19,7,11,27,27,29,11,21,2,26,10,9,29,4
28,27,17,6,2,4,30,29,9,14,11,27,9,3,25,22,1,11,26,24,22,8,11,26,5,16,29,6
18,20,13,8,23,29,19,25,14,12,26,17,26,21,28,27,16,1,20,8,26,11,25,29,14,5,13,20
16,21,2,17,5,25,12,20,2,4,4,10,15,30,8,20,16,9,28,2,10,15,10,4,26,22,10,8
26,14,25,18,17,29,10,23,11,10,13,2,9,9,26,13,27,10,24,27,3,5,14,5,7,11,11,2
11,28,21,14,15,5,25,18,9,16,23,16,21,16,10,7,27,27,23,2,19,28,7,16,29,14,5,21
1,20,12,7,19,8,13,13,19,30,18,5,15,8,5,12,18,8,7,18,26,7,9,11,18,10,14,14
21,5,15,2,30,5,17,19,5,17,28,14,3,27,19,28,10,19,18,11,23,26,29,21,7,18,25,24
12,1,19,9,25,29,23,14,15,16,5,10,22,16,7,1,10,24,15,30,19,11,1,29,23,3,21,25
7,25,25,12,10,23,7,4,28,19,19,5,5,5,13,24,14,8,20,8,20,29,12,14,4,26,6,2
1,20,17,22,9,28,8,21,21,24,1,29,9,3,3,21,5,11,25,15,28,7,16,16,13,14,6,8
14,11,8,15,18,6,4,8,3,27,27,7,28,23,4,21,7,21,29,17,26,21,10,24,1,22,4,24
5,2,10,25,23,30,8,11,16,17,12,4,30,25,19,8,15,18,17,5,4,25,9,23,15,19,13,23
2,15,14,27,3,11,4,1,18,2,15,29,16,24,5,21,10,26,18,1,2,3,10,14,5,29,20,11
24,18,10,5,17,15,9,2,4,15,1,19,22,19,20,13,4,19,20,11,21,19,13,20,1,13,22,29
5,1,22,5,22,23,8,1,22,11,12,2,15,3,18,25,25,29,9,14,13,27,10,17,10,9,21,6
5,21,4,5,24,11,27,4,24,27,28,29,12,19,21,24,7,18,27,18,2,19,25,3,4,9,17,9
21,6,26,14,3,3,27,2,7,8,9,5,7,14,2,29,2,10,2,24,6,17,11,22,12,3,4,16
26,1,1,15,24,19,13,18,2,15,26,10,23,19,17,29,10,23,11,18,17,27,1,25,7,23,3,5
26,4,2,1,29,11,7,6,8,24,11,18,2,14,28,18,14,23,2,18,30,12,12,19,22,17,29,30
1,7,9,2,17,9,23,28,13,26,12,13,13,11,21,17,13,24,17,4,30,14,11,14,21,16,5,14
23,14,9,12,12,8,6,2,15,9,2,23,22,30,5,18,12,20,6,20,21,25,7,29,1,26,30,17
26,25,12,2,4,10,5,30,18,30,1,5,5,20,2,5,22,24,13,30,9,23,3,2,11,16,23,29
7,10,11,16,8,19,6,20,28,1,19,12,25,6,1,13,19,1,15,2,23,2,7,8,14,1,9,4
23,10,22,19,17,7,23,9,19,15,27,16,14,12,7,22,5,1,5,3,23,21,13,10,1,22,6,5
3,4,3,8,11,3,28,18,9,1,26,19,14,22,24,4,4,29,18,11,25,16,3,13,26,6,11,3
28,12,18,25,2,18,7,16,13,20,6,12,15,20,14,4,5,17,20,1,27,9,6,3,5,25,10,18
1,20,13,5,23,25,21,28,14,1,17,26,16,8,22,15,24,7,27,6,3,29,9,10,17,10,6,19
6,16,21,7,8,19,15,23,8,1,19,21,29,16,21,4,30,25,16,20,17,22,10,29,29,5,16,3
12,3,19,13,19,3,22,29,11,11,18,27,24,30,8,23,18,6,7,17,8,5,10,22,24,17,2,15
6,23,9,4,4,13,11,5,13,7,3,27,25,23,24,20,7,20,26,18,15,18,11,23,28,30,25,8
24,27,19,2,1,7,23,19,2,14,23,12,19,4,10,12,4,10,22,16,11,21,15,5,21,15,1,19
12,16,6,5,18,4,11,16,18,1,27,18,1,6,18,24,27,15,30,12,8,30,20,19,8,9,27,3
13,14,11,17,7,4,7,16,8,19,24,15,23,25,24,4,14,4,16,6,3,22,9,7,16,20,12,12
27,18,27,9,8,9,4,4,20,11,12,27,29,3,16,8,21,15,19,13,7,17,5,4,24,21,1,21
5,5,2,18,23,25,19,20,22,15,8,14,22,20,14,4,23,20,7,1,7,2,16,1,1,30,6,11
13,24,16,17,9,13,29,16,9,24,5,4,14,26,17,7,7,5,22,17,3,2,12,5,15,1,15,4
19,1,18,24,20,9,8,29,30,22,6,9,21,28,25,30,15,3,17,11,15,10,24,26,8,20,8,12
12,11,3,8,29,26,27,9,7,12,15,5,19,18,7,16,30,14,26,6,8,13,20,12,14,5,19,10
7,22,16,1,2,26,17,19,19,28,11,26,1,16,23,4,19,12,22,28,3,9,27,25,24,3,4,30
22,21,25,25,7,18,2,15,26,15,4,23,2,19,27,2,3,30,5,22,20,16,24,2,13,22,7,29
26,21,7,30,22,17,28,29,4,16,20,14,14,9,8,4,9,30,26,15,12,26,22,24,28,13,11,6
28,23,13,15,12,4,20,6,8,4,1,15,21,29,28,18,11,22,8,12,9,20,23,13,26,23,18,1
29,13,2,10,7,23,1,11,4,5,3,11,19,3,26,6,29,12,25,13,28,5,14,7,5,29,28,8
30,30,20,19,17,20,7,26,2,22,8,29,29,17,14,6,20,28,23,6,25,18,15,14,29,6,3,25
30,26,6,8,26,23,12,5,16,14,25,30,27,1,4,8,5,26,14,11,21,9,18,8,7,22,14,13
16,6,21,12,17,12,27,7,16,1,3,6,6,10,20,6,4,24,10,24,15,7,10,3,22,23,4,21
9,29,2,5,10,30,19,11,23,13,13,15,5,28,22,5,24,9,5,12,20,12,4,13,12,20,28,9
26,19,20,25,9,6,29,18,29,29,27,7,21,9,14,21,11,26,20,17,16,6,9,14,18,23,2,27
25,19,23,20,2,11,16,4,24,19,7,29,30,4,6,25,12,28,21,11,28,14,3,17,30,12,23,20
10,7,7,16,5,2,24,11,7,7,6,11,24,10,28,23,19,22,18,12,1,15,2,20,3,21,29,12
17,6,20,20,18,27,24,17,12,21,24,28,11,26,18,5,22,11,18,19,17,10,29,9,24,12,20,26
6,17,13,14,3,13,24,2,18,17,23,27,17,11,11,28,28,20,1,6,27,27,29,23,3,11,25,7
8,11,26,7,8,29,12,25,8,10,25,29,2,17,18,6,18,21,2,6,30,1,12,5,12,14,30,10
19,21,12,23,18,17,25,7,21,17,20,19,30,17,20,18,25,2,4,10,9,23,5,12,9,20,8,7
30,22,25,24,29,3,6,18,29,3,12,15,23,12,16,2,1,14,7,13,11,24,10,10,11,20,1,27
16,30,14,29,10,18,7,29,22,27,20,28,11,3,19,23,21,19,18,28,7,4,12,26,13,25,27,6
12,16,13,10,2,10,2,30,19,13,6,5,5,17,10,5,25,9,3,9,6,18,19,23,2,4,20,12
19,19,16,15,22,1,17,6,15,10,26,1,1,20,4,9,13,14,23,21,25,7,2,5,22,18,1,25
28,20,9,29,20,20,12,1,28,21,13,5,30,5,20,15,14,3,8,17,14,11,10,18,11,30,18,12
17,12,23,4,1,23,9,25,2,28,11,12,8,3,11,22,2,19,21,21,18,17,22,20,11,15,12,18
11,21,18,20,2,1,14,16,29,9,4,8,26,26,14,16,22,27,9,11,30,18,17,23,10,28,25,1
21,4,23,16,12,21,15,11,10,21,10,8,20,26,24,23,15,13,25,23,4,6,28,15,6,1,18,23
5,26,11,5,6,14,26,25,16,19,27,6,11,4,7,1,17,1,22,5,25,24,8,27,4,2,28,16
6,9,10,11,3,22,6,14,11,6,2,6,30,30,7,27,17,19,12,30,29,28,29,5,9,14,29,11
19,15,1,4,16,11,19,8,9,16,3,19,28,23,21,12,30,17,5,25,18,12,10,15,21,28,17,9
11,6,2,20,24,25,26,27,5,28,20,20,12,29,19,1,17,23,2,7,7,17,6,23,9,4,24,7
5,16,14,19,25,10,28,4,14,13,26,4,28,25,7,2,27,16,14,19,24,10,28,28,27,11,2,24
30,10,11,20,1,19,22,19,15,2,26,2,2,16,17,4,28,29,9,13,10,5,27,24,21,6,14,26
19,16,23,15,8,5,4,5,3,6,3,9,3,19,18,25,21,13,17,8,23,25,1,28,2,20,14,25
13,17,30,25,5,27,1,29,10,12,24,28,12,13,2,22,26,1,10,22,18,3,4,8,19,6,4,25
15,25,13,19,21,10,22,16,6,8,4,7,18,19,15,10,19,20,27,10,23,9,3,2,10,22,8,11
14,22,7,29,23,7,14,16,29,5,7,3,21,16,17,18,27,4,5,30,18,25,19,30,10,24,2,7
22,12,10,30,3,12,3,14,2,5,14,12,5,29,11,15,13,25,20,8,23,16,5,7,18,8,23,19
4,7,20,30,6,8,25,17,26,8,30,10,13,3,16,22,20,24,25,19,14,5,17,15,5,24,14,6
7,4,12,25,19,15,11,26,16,15,6,28,5,24,19,6,25,10,26,21,1,14,17,24,14,5,5,29
20,5,25,12,24,19,11,22,26,6,22,29,22,20,7,5,18,28,15,20,17,12,20,25,29,24,6,24
17,19,11,15,10,13,6,11,21,24,4,17,14,27,10,20,19,28,29,11,7,13,7,16,20,15,13,9
16,30,14,1,13,17,6,8,25,8,19,10,15,27,15,24,25,29,7,20,2,1,7,2,25,26,17,5
12,26,25,26,1,28,26,21,11,3,4,28,22,3,25,12,9,20,26,11,29,13,22,22,9,23,8,15
24,12,7,18,30,2,26,30,13,24,9,18,2,24,14,22,25,9,29,29,7,26,23,6,30,7,6,30
4,3,17,8,20,11,28,29,27,17,28,20,8,25,29,16,11,9,9,6,30,30,28,30,25,9,8,28
20,1,18,24,26,26,27,11,7,2,28,21,26,15,26,9,12,9,22,12,27,7,26,21,28,1,1,4
6,18,14,12,4,30,10,26,29,4,25,12,29,18,10,10,12,19,10,15,5,19,18,17,17,26,2,13
6,27,26,25,26,23,6,20,18,16,18,27,6,30,10,8,14,11,14,10,28,17,10,10,22,16,30,17
30,28,25,8,29,27,21,3,9,30,16,6,13,21,22,26,1,13,10,5,10,10,3,6,13,22,16,20
18,16,4,10,23,19,20,21,21,11,28,9,9,8,30,15,26,8,27,7,25,14,10,9,7,26,8,20
26,19,25,7,12,2,15,23,27,6,14,25,1,2,5,20,16,1,26,3,11,18,11,6,26,9,25,4
7,25,4,28,12,30,25,3,17,22,28,8,23,8,19,20,25,3,6,23,9,20,24,7,30,5,10,8
9,20,12,3,8,11,17,2,3,16,13,2,7,3,4,25,3,19,10,3,30,22,11,24,3,2,25,17
2,27,28,7,21,18,24,27,10,26,30,12,21,17,18,9,21,5,17,7,16,29,4,12,26,7,8,17
9,18,30,6,17,30,30,6,19,6,11,20,9,8,15,8,19,28,12,14,5,3,4,28,16,19,1,3
23,16,12,14,10,7,18,23,26,25,26,22,18,12,20,15,24,27,28,9,15,27,24,28,26,25,13,7
15,3,21,28,29,28,14,3,24,28,10,2,20,23,13,25,3,21,26,23,13,19,4,19,22,23,19,26
23,15,18,16,24,12,8,24,4,29,23,21,28,17,21,27,18,26,20,23,15,29,26,5,29,21,24,26
29,2,7,7,9,18,11,10,10,25,8,8,15,19,21,4,28,6,26,27,29,8,2,26,3,26,12,24
20,14,17,4,19,12,26,2,22,17,12,11,7,11,17,23,18,12,8,26,8,22,8,23,26,28,28,21
1,11,4,14,6,17,21,27,8,4,20,3,24,20,12,12,25,15,20,18,22,9,8,22,18,16,16,28
7,25,9,22,15,5,2,12,13,28,5,21,20,20,16,14,23,6,3,19,10,26,29,11,8,11,29,22
4,13,26,21,1,24,21,14,25,28,19,20,18,1,30,27,10,30,28,3,24,24,29,13,14,28,19,11
27,29,14,5,6,11,8,1,3,15,20,27,29,3,19,25,17,14,1,9,27,2,1,9,13,27,28,10
14,14,8,4,5,11,18,27,15,15,14,8,23,30,25,26,10,1,4,22,6,5,27,1,27,11,15,25
28,6,22,10,13,29,17,19,8,17,23,19,15,23,11,2,30,24,16,28,7,6,29,12,23,7,5,9
17,7,8,25,27,23,29,9,24,4,26,25,13,6,19,24,9,16,7,13,24,25,1,3,25,18,19,23
8,10,17,6,25,8,3,1,9,28,23,23,24,2,9,27,28,22,15,1,17,5,4,8,1,22,16,23
7,5,30,9,4,7,2,14,18,21,30,6,4,19,16,11,23,14,20,23,17,5,6,4,3,19,7,3
7,9,5,4,23,11,24,5,29,14,20,18,1,26,9,8,22,10,27,29,20,24,15,17,2,23,6,3
30,27,7,16,1,29,7,9,16,27,13,24,25,11,13,10,25,3,22,21,26,28,13,24,22,8,14,14
25,18,2,30,5,22,6,2,8,4,17,2,19,1,23,26,27,4,4,9,11,6,23,29,2,16,8,2
15,14,25,23,16,24,15,28,25,13,19,4,6,11,3,21,16,20,3,25,6,17,27,18,4,5,3,19
26,3,29,20,14,4,18,24,10,25,17,25,17,26,1,15,15,1,4,1,3,2,14,12,13,13,27,28
17,7,19,11,22,26,2,22,15,30,20,2,24,9,12,22,3,8,9,10,17,13,3,4,1,2,16,24
20,17,7,2,8,21,7,3,6,6,4,21,24,10,30,15,12,3,8,25,20,22,9,6,5,17,12,5
4,16,11,20,10,8,2,28,24,19,25,3,2,10,17,28,5,19,17,7,13,19,22,29,25,22,4,29
8,2,27,21,10,3,29,20,26,14,11,16,8,2,22,23,9,5,23,11,5,12,1,16,1,5,23,16
24,13,25,18,4,4,20,23,22,4,24,30,11,28,2,22,8,1,30,11,27,30,20,21,30,24,24,27
1,12,20,5,10,14,26,14,19,23,12,5,12,30,1,5,11,23,1,8,11,10,9,1,5,12,19,25
23,5,19,11,10,24,22,11,14,20,21,28,3,18,3,15,19,26,29,28,29,15,11,7,24,17,16,21
3,20,30,28,25,1,22,15,5,2,25,19,8,21,22,22,3,3,5,23,8,24,12,10,14,22,26,8
24,12,18,23,8,2,8,24,20,23,4,2,27,18,11,18,1,11,21,9,24,20,5,21,12,24,14,10
9,20,15,3,5,14,21,23,14,3,11,7,13,28,2,10,30,4,27,20,13,24,10,4,1,18,15,5
8,28,11,15,18,29,16,30,9,1,27,14,28,18,5,28,1,15,26,26,18,25,22,9,27,25,27,15
11,12,3,17,29,17,16,17,22,26,20,15,12,3,2,29,7,14,22,26,20,12,4,17,23,19,17,13
6,3,18,23,2,2,19,28,29,11,15,11,2,19,7,5,26,11,15,15,24,23,3,14,3,2,25,29
8,16,25,11,30,4,11,20,8,27,14,11,14,4,30,27,30,12,24,2,6,29,22,12,5,3,20,13
30,5,20,1,7,21,20,13,16,4,12,29,8,18,28,29,28,4,2,20,24,7,15,22,8,24,24,10
25,13,6,28,14,28,20,4,8,14,4,24,15,17,11,26,1,25,24,19,2,23,15,1,2,30,20,24
20,28,23,14,28,11,19,4,28,14,16,11,28,24,22,15,1,9,6,7,26,20,22,14,1,6,9,3
29,6,27,14,8,27,14,10,22,21,26,5,29,8,28,17,10,13,21,8,2,1,1,24,25,14,28,1
