10 50
1.4 1.4 29.95
72.8 81.2 83.1 68.4 29.3 65.8 14 88.7 68.8 7.7 55.9 95.9 53 63 67.6 14 63.8 39.1 86 27.6
6 9.4 32.8 43.7 5.3 38.5 13.9 92.7 72.8 19.6 30.4 36.8 39.6 97.5 81.3 18.3 39.1 14.8 64.6 33.3
55.9 12.7 77.3 60.1 20.7 49.5 55.2 83.5 46 65.2 17.1 59.5 72 27.3 8.8 46.7 37.5 16.3 61.2 47.4
64.9 93 62.8 39.5 58.3 83.3 12.7 4.5 0 98.5 99 77.2 63.8 77.1 79.3 69.6 37.3 6.1 90.8 71.6
30 73.9 82.7 49.7 87.2 57.8 28.9 77.2 69.3 65.8 99.9 47.8 36.6 61 64.2 99.5 56.7 57.7 85.4 45.4
99.2 60.2 22.6 99.4 4.5 37.4 54.8 88.3 44.4 88.1 97.5 67 84.7 31.8 9.8 96.7 59.4 57.2 6.7 13.8
99.1 78.9 26.8 46 51.2 30 81.2 43.4 67.7 57.5 61.7 89 4.7 99 34 70.5 48.4 64.3 81.4 56.4
50 29.8 68.2 87.5 37 92.3 49.8 5.1 86.4 67.7 2.3 26 76.4 11.7 46.7 77 91.9 85.5 29.7 72.7
66.5 30 88.8 96.9 81.3 39.8 24.4 35.9 85 45.6 60.5 81 42.8 91.3 42 88.2 3.2 26.6 38.7 63.1
46.4 50.1 38 58.5 70.2 7.3 65.3 59.4 22.7 38.8 95.4 80.2 86.6 16.8 14.7 37.1 13.7 63.3 31.2 86.2
32 10.1 55.5 68.5 8.6 11.7 74.1 76.3 64.8 93.2 66.7 95.3 14.6 21.3 59.4 70.7 7.5 26.6 72.9 48.2
50.8 80.2 49.4 57.1 50.6 69.8 95.5 14.4 44.4 22.4 77.8 10.1 3.1 74 30.3 92.5 52.8 55.9 58.9 27
84.9 91.2 78.8 56.3 40 54.1 51.4 50.5 4.4 71.1 37.5 28.4 10.6 25.8 39.7 39.4 15.9 12.3 41.5 9.6
82.2 25.8 87.3 87.6 39.6 70.6 10.5 79.5 38.7 14.3 14.1 13.9 38.8 83.9 27.7 37.2 75.2 39.6 68.2 77.1
58.5 52.9 58.4 44.7 86.8 93.9 99.9 61.5 52.2 24.2 71.2 70.7 63.1 84.8 45.4 97.1 49 20.9 45.8 92.5
72.7 86.8 96.4 55.5 90.5 28.9 20.7 35.5 39.6 32.3 34.1 4.9 63.4 78.4 42.6 78.6 61.1 82.2 86.9 25.8
41.1 80 80.4 98.5 50.3 36.2 60.8 92.2 4 40.1 93.7 1.2 34.7 91.9 9.1 14.8 16 40.5 42.5 9
33 28.1 88.8 79.5 63.8 41.1 98.4 64.7 65.5 37.1 50.2 10 76.1 71.7 96.5 53.9 50.1 42.3 81.5 40.9
5.3 0.2 43.1 58.5 8.9 80.7 94.4 53.5 26.4 81.2 62.7 98.4 75.5 9.5 88.5 44.9 23.8 75.5 41.5 74.1
5.6 60.9 1.9 82.7 86.2 24.8 77.9 34.3 73.1 75.1 25.1 9.6 49.8 97.9 13.8 30.6 99.1 30.1 41.3 78.1
45.1 46.9 28.6 27.7 14.2 54.1 35.5 43.5 65.8 79.9 96.1 38 37.4 58.4 53.8 11.3 65.6 59.3 37.3 67.1
3.1 25.2 25.3 39.9 62.3 10 3.6 60 36.6 19.2 54.6 16.4 30.3 28.1 95.2 80.9 93.3 72.2 48.2 8.9
24.2 70.4 86.9 94 13.6 6.5 80.5 61.2 67.2 82.6 95.5 62.5 21 15.6 38.8 64.6 86.8 61.4 41.3 79.6
72.6 6.5 8.5 18.1 82.9 25.6 18.8 71.6 83.8 99.8 91.5 49.9 22.2 73.3 46.8 62.9 14.3 91.6 2.8 66.1
79 42.4 74.1 44.7 34.7 71.9 8.1 38.2 48.9 10.5 40.3 74.9 39 99.1 16.8 54.5 31.7 34.5 16.7 27
53.8 98.6 92.5 20.2 18.2 9.5 62.8 25.5 39.6 72 34.1 81.3 54.6 27.8 2.7 90.3 72.4 68.6 98.6 36.5
39.7 86.8 61.6 21.8 34.4 60.4 16.3 87.9 1.5 37.2 84.3 80.7 21.7 32.6 1.7 18 5.7 86.9 53.6 45.8
70 62.2 27.4 83.5 82.8 91.4 95.8 89.9 42.7 59.2 92.1 34 8.9 53.6 4.3 49.3 14.6 2.1 82.8 9.4
21.8 80.2 94.3 49.6 2.7 21.7 8.5 40.3 67.2 77.6 68.5 71.1 6.6 25.4 35.4 94.2 64.3 50 15 86.6
20.9 53.4 39.8 50 18.2 91.6 68.5 69.3 25.3 92.4 62.1 24.8 11.1 27.5 4.3 10.3 62.3 11.6 72.3 28.5
20.3 71.2 11.7 8.4 46.9 80.7 96.6 10.4 58.4 38.1 6.5 37.2 63 56 8.7 71.5 94.5 99.3 62.1 84.2
46.5 24.9 15.8 14.8 76.6 7 49.6 69.3 70.3 96.7 68.3 46 71.4 44.4 41.5 71.4 92.4 96.1 72.5 20
66.7 77.2 24.9 81.7 21.8 81.3 35.8 37.9 46.9 8.6 47.5 72.4 24.6 18.7 51.7 28.2 7.1 34 50.1 23.5
62.5 27.3 94.7 0.6 38.8 91.7 24.3 33.8 18.4 95.7 63.9 9.4 26 53.1 25.3 66.5 23.7 39 97.1 2.7
49.7 46 18.4 49.1 9.9 49.1 94 89 10.6 41.3 49.8 22.3 79 56.2 12.5 22.1 99.5 94.6 57.8 75.4
20.1 52.3 41.3 9.8 54.6 68.7 47.8 21.2 91.8 48.2 68.4 71.4 35.6 1.9 45.8 12.7 73 40.1 82.6 89.2
76.6 2.4 54.4 75.5 10.2 61.9 28.8 38.4 42.1 75.6 63.5 66.8 19.9 41 21.3 50.8 13.5 91.5 56.2 35.4
30.2 23.4 11.5 41 26.3 7.4 9.2 98.4 88.1 94.8 4 42.4 30.1 78.1 70.2 29.3 89.6 2 90.1 45.5
97.9 97.8 1.4 0.7 67.3 69.9 6.6 6.8 98.5 52.4 76.4 58.7 62.9 11.8 11.1 60.2 32.2 4.2 18.7 94.2
49.7 18.8 37.2 83.8 61.3 93.3 34.8 83.1 55 59.6 65.9 60.9 2.9 11.7 32.4 90.6 32.1 18.9 22.5 73.8
40.9 46.9 88.1 23.9 10.7 62.9 91.3 15.4 68.5 5 39.3 24.9 79.4 20.2 0.8 93.4 72.7 67.2 70.7 49.6
94.2 97.2 65 0.8 81.9 62.1 48.3 72.7 57.3 70.5 64.4 15.8 37.5 64.4 49.1 93.4 75.2 98.3 22.4 98.6
46.3 33.1 90.1 75.3 95.5 32.6 59.6 72.8 25.1 6.1 1 48 15.3 2.7 89.1 49.1 25.2 80.9 72.6 26.9
13.4 86.3 13 72.1 66.7 4.9 1.7 66.5 1.1 72.5 90.8 16.2 5 52.4 21.5 59.9 67 45.5 71.1 22.1
68 3.7 56.9 80.7 53.5 66.6 9.2 88.2 4.9 10.6 59.4 32.4 44.4 7 25.9 3.3 95.6 9.3 89.1 2.2
60.5 88.7 75.7 49.8 2.8 44.6 92 29.7 12.9 97.4 8.9 85.9 86.4 47.9 47.2 86.9 40.8 81.7 66.3 22.2
81.8 18.3 17.7 82 67.8 45.4 46.4 84.7 80.3 82.4 62.6 66.3 99.1 29.2 49.2 95.4 3 24.9 37.5 42.5
49.3 29.1 16.2 77.1 53.7 14 88.8 35.4 36.3 96.7 63.6 46.1 51.9 51.3 10.6 28.5 75 70.4 64 97.2
35.3 46.5 4.5 30.6 12.6 55.7 29.6 54.6 88 79.6 48.4 69.3 19.4 60.5 5.9 83.8 55.6 17.9 29.6 78.2
72.9 55.6 4.2 84 53.6 27.9 9.4 54.3 30.6 53.2 37.9 59 63.5 88.1 51.6 57.7 17.3 1.7 97.8 20.3
