4
9
14
18
23
28
32
37
42
46
51
56
60
65
70
74
79
84
88
93
98
102
107
112
116

121
126
130
135
140
144
149
154
158
163
168
172
177
182
186
191
196
200
205
210
214
219
224
228
233

238
242
247
252
256
261
266
270
275
280
284
289
294
298
303
308
312
317
322
326
331
336
340
345
350

354
359
364
368
373
378
382
387
392
396
401
406
410
415
420
424
429
434
438
443
448
452
457
462
466

471
476
480
485
490
494
499
504
508
513
518
522
527
532
536
541
546
550
555
560
564
569
574
578
583

588
592
597
602
606
611
616
621
625
630
635
639
644
649
653
658
663
667
672
677
681
686
691
695
700

705
709
714
719
723
728
733
737
742
747
751
756
761
765
770
775
779
784
789
793
798
803
807
812
817

821
826
831
835
840
845
849
854
859
863
868
873
877
882
887
891
896
901
905
910
915
919
924
929
933

938
943
947
952
957
961
966
971
975
980
985
989
994
999
1003
1008
1013
1017
1022
1027
1031
1036
1041
1045
1050

1055
1059
1064
1069
1073
1078
1083
1087
1092
1097
1101
1106
1111
1115
1120
1125
1129
1134
1139
1143
1148
1153
1157
1162
1167

1171
1176
1181
1185
1190
1195
1199
1204
1209
1213
1218
1223
1228
1232
1237
1242
1246
1251
1256
1260
1265
1270
1274
1279
1284

1288
1293
1298
1302
1307
1312
1316
1321
1326
1330
1335
1340
1344
1349
1354
1358
1363
1368
1372
1377
1382
1386
1391
1396
1400

1405
1410
1414
1419
1424
1428
1433
1438
1442
1447
1452
1456
1461
1466
1470
1475
1480
1484
1489
1494
1498
1503
1508
1512
1517

1522
1526
1531
1536
1540
1545
1550
1554
1559
1564
1568
1573
1578
1582
1587
1592
1596
1601
1606
1610
1615
1620
1624
1629
1634

1638
1643
1648
1652
1657
1662
1666
1671
1676
1680
1685
1690
1694
1699
1704
1708
1713
1718
1722
1727
1732
1736
1741
1746
1750

1755
1760
1764
1769
1774
1778
1783
1788
1792
1797
1802
1806
1811
1816
1820
1825
1830
1834
1839
1844
1849
1853
1858
1863
1867

1872
1877
1881
1886
1891
1895
1900
1905
1909
1914
1919
1923
1928
1933
1937
1942
1947
1951
1956
1961
1965
1970
1975
1979
1984

1989
1993
1998
2003
2007
2012
2017
2021
2026
2031
2035
2040
2045
2049
2054
2059
2063
2068
2073
2077
2082
2087
2091
2096
2101

2105
2110
2115
2119
2124
2129
2133
2138
2143
2147
2152
2157
2161
2166
2171
2175
2180
2185
2189
2194
2199
2203
2208
2213
2217

2222
2227
2231
2236
2241
2245
2250
2255
2259
2264
2269
2273
2278
2283
2287
2292
2297
2301
2306
2311
2315
2320
2325
2329
2334

2339
2343
2348
2353
2357
2362
2367
2371
2376
2381
2385
2390
2395
2399
2404
2409
2413
2418
2423
2427
2432
2437
2441
2446
2451

2456
2460
2465
2470
2474
2479
2484
2488
2493
2498
2502
2507
2512
2516
2521
2526
2530
2535
2540
2544
2549
2554
2558
2563
2568

2572
2577
2582
2586
2591
2596
2600
2605
2610
2614
2619
2624
2628
2633
2638
2642
2647
2652
2656
2661
2666
2670
2675
2680
2684

2689
2694
2698
2703
2708
2712
2717
2722
2726
2731
2736
2740
2745
2750
2754
2759
2764
2768
2773
2778
2782
2787
2792
2796
2801

2806
2810
2815
2820
2824
2829
2834
2838
2843
2848
2852
2857
2862
2866
2871
2876
2880
2885
2890
2894
2899
2904
2908
2913
2918

2922
2927
2932
2936
2941
2946
2950
2955
2960
2964
2969
2974
2978
2983
2988
2992
2997
3002
3006
3011
3016
3020
3025
3030
3034

3039
3044
3048
3053
3058
3062
3067
3072
3077
3081
3086
3091
3095
3100
3105
3109
3114
3119
3123
3128
3133
3137
3142
3147
3151

3156
3161
3165
3170
3175
3179
3184
3189
3193
3198
3203
3207
3212
3217
3221
3226
3231
3235
3240
3245
3249
3254
3259
3263
3268

3273
3277
3282
3287
3291
3296
3301
3305
3310
3315
3319
3324
3329
3333
3338
3343
3347
3352
3357
3361
3366
3371
3375
3380
3385

3389
3394
3399
3403
3408
3413
3417
3422
3427
3431
3436
3441
3445
3450
3455
3459
3464
3469
3473
3478
3483
3487
3492
3497
3501

3506
3511
3515
3520
3525
3529
3534
3539
3543
3548
3553
3557
3562
3567
3571
3576
3581
3585
3590
3595
3599
3604
3609
3613
3618

3623
3627
3632
3637
3641
3646
3651
3655
3660
3665
3669
3674
3679
3684
3688
3693
3698
3702
3707
3712
3716
3721
3726
3730
3735

3740
3744
3749
3754
3758
3763
3768
3772
3777
3782
3786
3791
3796
3800
3805
3810
3814
3819
3824
3828
3833
3838
3842
3847
3852

3856
3861
3866
3870
3875
3880
3884
3889
3894
3898
3903
3908
3912
3917
3922
3926
3931
3936
3940
3945
3950
3954
3959
3964
3968

3973
3978
3982
3987
3992
3996
4001
4006
4010
4015
4020
4024
4029
4034
4038
4043
4048
4052
4057
4062
4066
4071
4076
4080
4085

4090
4094
4099
4104
4108
4113
4118
4122
4127
4132
4136
4141
4146
4150
4155
4160
4164
4169
4174
4178
4183
4188
4192
4197
4202

4206
4211
4216
4220
4225
4230
4234
4239
4244
4248
4253
4258
4262
4267
4272
4276
4281
4286
4290
4295
4300
4305
4309
4314
4319

4323
4328
4333
4337
4342
4347
4351
4356
4361
4365
4370
4375
4379
4384
4389
4393
4398
4403
4407
4412
4417
4421
4426
4431
4435

4440
4445
4449
4454
4459
4463
4468
4473
4477
4482
4487
4491
4496
4501
4505
4510
4515
4519
4524
4529
4533
4538
4543
4547
4552

4557
4561
4566
4571
4575
4580
4585
4589
4594
4599
4603
4608
4613
4617
4622
4627
4631
4636
4641
4645
4650
4655
4659
4664
4669

4673
4678
4683
4687
4692
4697
4701
4706
4711
4715
4720
4725
4729
4734
4739
4743
4748
4753
4757
4762
4767
4771
4776
4781
4785

4790
4795
4799
4804
4809
4813
4818
4823
4827
4832
4837
4841
4846
4851
4855
4860
4865
4869
4874
4879
4883
4888
4893
4897
4902

4907
4912
4916
4921
4926
4930
4935
4940
4944
4949
4954
4958
4963
4968
4972
4977
4982
4986
4991
4996
5000
5005
5010
5014
5019

5024
5028
5033
5038
5042
5047
5052
5056
5061
5066
5070
5075
5080
5084
5089
5094
5098
5103
5108
5112
5117
5122
5126
5131
5136

5140
5145
5150
5154
5159
5164
5168
5173
5178
5182
5187
5192
5196
5201
5206
5210
5215
5220
5224
5229
5234
5238
5243
5248
5252

5257
5262
5266
5271
5276
5280
5285
5290
5294
5299
5304
5308
5313
5318
5322
5327
5332
5336
5341
5346
5350
5355
5360
5364
5369

5374
5378
5383
5388
5392
5397
5402
5406
5411
5416
5420
5425
5430
5434
5439
5444
5448
5453
5458
5462
5467
5472
5476
5481
5486

5490
5495
5500
5504
5509
5514
5518
5523
5528
5533
5537
5542
5547
5551
5556
5561
5565
5570
5575
5579
5584
5589
5593
5598
5603

5607
5612
5617
5621
5626
5631
5635
5640
5645
5649
5654
5659
5663
5668
5673
5677
5682
5687
5691
5696
5701
5705
5710
5715
5719

5724
5729
5733
5738
5743
5747
5752
5757
5761
5766
5771
5775
5780
5785
5789
5794
5799
5803
5808
5813
5817
5822
5827
5831
5836

5841
5845
5850
5855
5859
5864
5869
5873
5878
5883
5887
5892
5897
5901
5906
5911
5915
5920
5925
5929
5934
5939
5943
5948
5953

5957
5962
5967
5971
5976
5981
5985
5990
5995
5999
6004
6009
6013
6018
6023
6027
6032
6037
6041
6046
6051
6055
6060
6065
6069

6074
6079
6083
6088
6093
6097
6102
6107
6111
6116
6121
6125
6130
6135
6140
6144
6149
6154
6158
6163
6168
6172
6177
6182
6186

6191
6196
6200
6205
6210
6214
6219
6224
6228
6233
6238
6242
6247
6252
6256
6261
6266
6270
6275
6280
6284
6289
6294
6298
6303

6308
6312
6317
6322
6326
6331
6336
6340
6345
6350
6354
6359
6364
6368
6373
6378
6382
6387
6392
6396
6401
6406
6410
6415
6420

6424
6429
6434
6438
6443
6448
6452
6457
6462
6466
6471
6476
6480
6485
6490
6494
6499
6504
6508
6513
6518
6522
6527
6532
6536

6541
6546
6550
6555
6560
6564
6569
6574
6578
6583
6588
6592
6597
6602
6606
6611
6616
6620
6625
6630
6634
6639
6644
6648
6653

6658
6662
6667
6672
6676
6681
6686
6690
6695
6700
6704
6709
6714
6718
6723
6728
6732
6737
6742
6746
6751
6756
6761
6765
6770

6775
6779
6784
6789
6793
6798
6803
6807
6812
6817
6821
6826
6831
6835
6840
6845
6849
6854
6859
6863
6868
6873
6877
6882
6887

6891
6896
6901
6905
6910
6915
6919
6924
6929
6933
6938
6943
6947
6952
6957
6961
6966
6971
6975
6980
6985
6989
6994
6999
7003

7008
7013
7017
7022
7027
7031
7036
7041
7045
7050
7055
7059
7064
7069
7073
7078
7083
7087
7092
7097
7101
7106
7111
7115
7120

7125
7129
7134
7139
7143
7148
7153
7157
7162
7167
7171
7176
7181
7185
7190
7195
7199
7204
7209
7213
7218
7223
7227
7232
7237

7241
7246
7251
7255
7260
7265
7269
7274
7279
7283
7288
7293
7297
7302
7307
7311
7316
7321
7325
7330
7335
7339
7344
7349
7353

7358
7363
7368
7372
7377
7382
7386
7391
7396
7400
7405
7410
7414
7419
7424
7428
7433
7438
7442
7447
7452
7456
7461
7466
7470

7475
7480
7484
7489
7494
7498
7503
7508
7512
7517
7522
7526
7531
7536
7540
7545
7550
7554
7559
7564
7568
7573
7578
7582
7587

7592
7596
7601
7606
7610
7615
7620
7624
7629
7634
7638
7643
7648
7652
7657
7662
7666
7671
7676
7680
7685
7690
7694
7699
7704

7708
7713
7718
7722
7727
7732
7736
7741
7746
7750
7755
7760
7764
7769
7774
7778
7783
7788
7792
7797
7802
7806
7811
7816
7820

7825
7830
7834
7839
7844
7848
7853
7858
7862
7867
7872
7876
7881
7886
7890
7895
7900
7904
7909
7914
7918
7923
7928
7932
7937

7942
7946
7951
7956
7960
7965
7970
7974
7979
7984
7989
7993
7998
8003
8007
8012
8017
8021
8026
8031
8035
8040
8045
8049
8054

8059
8063
8068
8073
8077
8082
8087
8091
8096
8101
8105
8110
8115
8119
8124
8129
8133
8138
8143
8147
8152
8157
8161
8166
8171

8175
8180
8185
8189
8194
8199
8203
8208
8213
8217
8222
8227
8231
8236
8241
8245
8250
8255
8259
8264
8269
8273
8278
8283
8287

8292
8297
8301
8306
8311
8315
8320
8325
8329
8334
8339
8343
8348
8353
8357
8362
8367
8371
8376
8381
8385
8390
8395
8399
8404

8409
8413
8418
8423
8427
8432
8437
8441
8446
8451
8455
8460
8465
8469
8474
8479
8483
8488
8493
8497
8502
8507
8511
8516
8521

8525
8530
8535
8539
8544
8549
8553
8558
8563
8567
8572
8577
8581
8586
8591
8596
8600
8605
8610
8614
8619
8624
8628
8633
8638

8642
8647
8652
8656
8661
8666
8670
8675
8680
8684
8689
8694
8698
8703
8708
8712
8717
8722
8726
8731
8736
8740
8745
8750
8754

8759
8764
8768
8773
8778
8782
8787
8792
8796
8801
8806
8810
8815
8820
8824
8829
8834
8838
8843
8848
8852
8857
8862
8866
8871

8876
8880
8885
8890
8894
8899
8904
8908
8913
8918
8922
8927
8932
8936
8941
8946
8950
8955
8960
8964
8969
8974
8978
8983
8988

8992
8997
9002
9006
9011
9016
9020
9025
9030
9034
9039
9044
9048
9053
9058
9062
9067
9072
9076
9081
9086
9090
9095
9100
9104

9109
9114
9118
9123
9128
9132
9137
9142
9146
9151
9156
9160
9165
9170
9174
9179
9184
9188
9193
9198
9202
9207
9212
9217
9221

9226
9231
9235
9240
9245
9249
9254
9259
9263
9268
9273
9277
9282
9287
9291
9296
9301
9305
9310
9315
9319
9324
9329
9333
9338

9343
9347
9352
9357
9361
9366
9371
9375
9380
9385
9389
9394
9399
9403
9408
9413
9417
9422
9427
9431
9436
9441
9445
9450
9455

9459
9464
9469
9473
9478
9483
9487
9492
9497
9501
9506
9511
9515
9520
9525
9529
9534
9539
9543
9548
9553
9557
9562
9567
9571

9576
9581
9585
9590
9595
9599
9604
9609
9613
9618
9623
9627
9632
9637
9641
9646
9651
9655
9660
9665
9669
9674
9679
9683
9688

9693
9697
9702
9707
9711
9716
9721
9725
9730
9735
9739
9744
9749
9753
9758
9763
9767
9772
9777
9781
9786
9791
9795
9800
9805

9809
9814
9819
9824
9828
9833
9838
9842
9847
9852
9856
9861
9866
9870
9875
9880
9884
9889
9894
9898
9903
9908
9912
9917
9922

9926
9931
9936
9940
9945
9950
9954
9959
9964
9968
9973
9978
9982
9987
9992
9996
10001
10006
10010
10015
10020
10024
10029
10034
10038

10043
10048
10052
10057
10062
10066
10071
10076
10080
10085
10090
10094
10099
10104
10108
10113
10118
10122
10127
10132
10136
10141
10146
10150
10155

10160
10164
10169
10174
10178
10183
10188
10192
10197
10202
10206
10211
10216
10220
10225
10230
10234
10239
10244
10248
10253
10258
10262
10267
10272

10276
10281
10286
10290
10295
10300
10304
10309
10314
10318
10323
10328
10332
10337
10342
10346
10351
10356
10360
10365
10370
10374
10379
10384
10388

10393
10398
10402
10407
10412
10416
10421
10426
10430
10435
10440
10445
10449
10454
10459
10463
10468
10473
10477
10482
10487
10491
10496
10501
10505

10510
10515
10519
10524
10529
10533
10538
10543
10547
10552
10557
10561
10566
10571
10575
10580
10585
10589
10594
10599
10603
10608
10613
10617
10622

10627
10631
10636
10641
10645
10650
10655
10659
10664
10669
10673
10678
10683
10687
10692
10697
10701
10706
10711
10715
10720
10725
10729
10734
10739

10743
10748
10753
10757
10762
10767
10771
10776
10781
10785
10790
10795
10799
10804
10809
10813
10818
10823
10827
10832
10837
10841
10846
10851
10855

10860
10865
10869
10874
10879
10883
10888
10893
10897
10902
10907
10911
10916
10921
10925
10930
10935
10939
10944
10949
10953
10958
10963
10967
10972

10977
10981
10986
10991
10995
11000
11005
11009
11014
11019
11023
11028
11033
11037
11042
11047
11052
11056
11061
11066
11070
11075
11080
11084
11089

11094
11098
11103
11108
11112
11117
11122
11126
11131
11136
11140
11145
11150
11154
11159
11164
11168
11173
11178
11182
11187
11192
11196
11201
11206

11210
11215
11220
11224
11229
11234
11238
11243
11248
11252
11257
11262
11266
11271
11276
11280
11285
11290
11294
11299
11304
11308
11313
11318
11322

11327
11332
11336
11341
11346
11350
11355
11360
11364
11369
11374
11378
11383
11388
11392
11397
11402
11406
11411
11416
11420
11425
11430
11434
11439

11444
11448
11453
11458
11462
11467
11472
11476
11481
11486
11490
11495
11500
11504
11509
11514
11518
11523
11528
11532
11537
11542
11546
11551
11556

11560
11565
11570
11574
11579
11584
11588
11593
11598
11602
11607
11612
11616
11621
11626
11630
11635
11640
11644
11649
11654
11658
11663
11668
11673

11677
11682
11687
11691
11696
11701
11705
11710
11715
11719
11724
11729
11733
11738
11743
11747
11752
11757
11761
11766
11771
11775
11780
11785
11789

11794
11799
11803
11808
11813
11817
11822
11827
11831
11836
11841
11845
11850
11855
11859
11864
11869
11873
11878
11883
11887
11892
11897
11901
11906

11911
11915
11920
11925
11929
11934
11939
11943
11948
11953
11957
11962
11967
11971
11976
11981
11985
11990
11995
11999
12004
12009
12013
12018
12023

12027
12032
12037
12041
12046
12051
12055
12060
12065
12069
12074
12079
12083
12088
12093
12097
12102
12107
12111
12116
12121
12125
12130
12135
12139

12144
12149
12153
12158
12163
12167
12172
12177
12181
12186
12191
12195
12200
12205
12209
12214
12219
12223
12228
12233
12237
12242
12247
12251
12256

12261
12265
12270
12275
12280
12284
12289
12294
12298
12303
12308
12312
12317
12322
12326
12331
12336
12340
12345
12350
12354
12359
12364
12368
12373

12378
12382
12387
12392
12396
12401
12406
12410
12415
12420
12424
12429
12434
12438
12443
12448
12452
12457
12462
12466
12471
12476
12480
12485
12490

12494
12499
12504
12508
12513
12518
12522
12527
12532
12536
12541
12546
12550
12555
12560
12564
12569
12574
12578
12583
12588
12592
12597
12602
12606

12611
12616
12620
12625
12630
12634
12639
12644
12648
12653
12658
12662
12667
12672
12676
12681
12686
12690
12695
12700
12704
12709
12714
12718
12723

12728
12732
12737
12742
12746
12751
12756
12760
12765
12770
12774
12779
12784
12788
12793
12798
12802
12807
12812
12816
12821
12826
12830
12835
12840

12844
12849
12854
12858
12863
12868
12872
12877
12882
12886
12891
12896
12901
12905
12910
12915
12919
12924
12929
12933
12938
12943
12947
12952
12957

12961
12966
12971
12975
12980
12985
12989
12994
12999
13003
13008
13013
13017
13022
13027
13031
13036
13041
13045
13050
13055
13059
13064
13069
13073

13078
13083
13087
13092
13097
13101
13106
13111
13115
13120
13125
13129
13134
13139
13143
13148
13153
13157
13162
13167
13171
13176
13181
13185
13190

13195
13199
13204
13209
13213
13218
13223
13227
13232
13237
13241
13246
13251
13255
13260
13265
13269
13274
13279
13283
13288
13293
13297
13302
13307

13311
13316
13321
13325
13330
13335
13339
13344
13349
13353
13358
13363
13367
13372
13377
13381
13386
13391
13395
13400
13405
13409
13414
13419
13423

13428
13433
13437
13442
13447
13451
13456
13461
13465
13470
13475
13479
13484
13489
13493
13498
13503
13508
13512
13517
13522
13526
13531
13536
13540

13545
13550
13554
13559
13564
13568
13573
13578
13582
13587
13592
13596
13601
13606
13610
13615
13620
13624
13629
13634
13638
13643
13648
13652
13657

13662
13666
13671
13676
13680
13685
13690
13694
13699
13704
13708
13713
13718
13722
13727
13732
13736
13741
13746
13750
13755
13760
13764
13769
13774

13778
13783
13788
13792
13797
13802
13806
13811
13816
13820
13825
13830
13834
13839
13844
13848
13853
13858
13862
13867
13872
13876
13881
13886
13890

13895
13900
13904
13909
13914
13918
13923
13928
13932
13937
13942
13946
13951
13956
13960
13965
13970
13974
13979
13984
13988
13993
13998
14002
14007

14012
14016
14021
14026
14030
14035
14040
14044
14049
14054
14058
14063
14068
14072
14077
14082
14086
14091
14096
14100
14105
14110
14114
14119
14124

14129
14133
14138
14143
14147
14152
14157
14161
14166
14171
14175
14180
14185
14189
14194
14199
14203
14208
14213
14217
14222
14227
14231
14236
14241

14245
14250
14255
14259
14264
14269
14273
14278
14283
14287
14292
14297
14301
14306
14311
14315
14320
14325
14329
14334
14339
14343
14348
14353
14357

14362
14367
14371
14376
14381
14385
14390
14395
14399
14404
14409
14413
14418
14423
14427
14432
14437
14441
14446
14451
14455
14460
14465
14469
14474

14479
14483
14488
14493
14497
14502
14507
14511
14516
14521
14525
14530
14535
14539
14544
14549
14553
14558
14563
14567
14572
14577
14581
14586
14591

14595
14600
14605
14609
14614
14619
14623
14628
14633
14637
14642
14647
14651
14656
14661
14665
14670
14675
14679
14684
14689
14693
14698
14703
14707

14712
14717
14721
14726
14731
14736
14740
14745
14750
14754
14759
14764
14768
14773
14778
14782
14787
14792
14796
14801
14806
14810
14815
14820
14824

14829
14834
14838
14843
14848
14852
14857
14862
14866
14871
14876
14880
14885
14890
14894
14899
14904
14908
14913
14918
14922
14927
14932
14936
14941

14946
14950
14955
14960
14964
14969
14974
14978
14983
14988
14992
14997
15002
15006
15011
15016
15020
15025
15030
15034
15039
15044
15048
15053
15058

15062
15067
15072
15076
15081
15086
15090
15095
15100
15104
15109
15114
15118
15123
15128
15132
15137
15142
15146
15151
15156
15160
15165
15170
15174

15179
15184
15188
15193
15198
15202
15207
15212
15216
15221
15226
15230
15235
15240
15244
15249
15254
15258
15263
15268
15272
15277
15282
15286
15291

15296
15300
15305
15310
15314
15319
15324
15328
15333
15338
15342
15347
15352
15357
15361
15366
15371
15375
15380
15385
15389
15394
15399
15403
15408

15413
15417
15422
15427
15431
15436
15441
15445
15450
15455
15459
15464
15469
15473
15478
15483
15487
15492
15497
15501
15506
15511
15515
15520
15525

15529
15534
15539
15543
15548
15553
15557
15562
15567
15571
15576
15581
15585
15590
15595
15599
15604
15609
15613
15618
15623
15627
15632
15637
15641

15646
15651
15655
15660
15665
15669
15674
15679
15683
15688
15693
15697
15702
15707
15711
15716
15721
15725
15730
15735
15739
15744
15749
15753
15758

15763
15767
15772
15777
15781
15786
15791
15795
15800
15805
15809
15814
15819
15823
15828
15833
15837
15842
15847
15851
15856
15861
15865
15870
15875

15879
15884
15889
15893
15898
15903
15907
15912
15917
15921
15926
15931
15935
15940
15945
15949
15954
15959
15964
15968
15973
15978
15982
15987
15992

15996
16001
16006
16010
16015
16020
16024
16029
16034
16038
16043
16048
16052
16057
16062
16066
16071
16076
16080
16085
16090
16094
16099
16104
16108

16113
16118
16122
16127
16132
16136
16141
16146
16150
16155
16160
16164
16169
16174
16178
16183
16188
16192
16197
16202
16206
16211
16216
16220
16225

16230
16234
16239
16244
16248
16253
16258
16262
16267
16272
16276
16281
16286
16290
16295
16300
16304
16309
16314
16318
16323
16328
16332
16337
16342

16346
16351
16356
16360
16365
16370
16374
16379
16384
16388
16393
16398
16402
16407
16412
16416
16421
16426
16430
16435
16440
16444
16449
16454
16458

16463
16468
16472
16477
16482
16486
16491
16496
16500
16505
16510
16514
16519
16524
16528
16533
16538
16542
16547
16552
16556
16561
16566
16570
16575

16580
16585
16589
16594
16599
16603
16608
16613
16617
16622
16627
16631
16636
16641
16645
16650
16655
16659
16664
16669
16673
16678
16683
16687
16692

16697
16701
16706
16711
16715
16720
16725
16729
16734
16739
16743
16748
16753
16757
16762
16767
16771
16776
16781
16785
16790
16795
16799
16804
16809

16813
16818
16823
16827
16832
16837
16841
16846
16851
16855
16860
16865
16869
16874
16879
16883
16888
16893
16897
16902
16907
16911
16916
16921
16925

16930
16935
16939
16944
16949
16953
16958
16963
16967
16972
16977
16981
16986
16991
16995
17000
17005
17009
17014
17019
17023
17028
17033
17037
17042

17047
17051
17056
17061
17065
17070
17075
17079
17084
17089
17093
17098
17103
17107
17112
17117
17121
17126
17131
17135
17140
17145
17149
17154
17159

17163
17168
17173
17177
17182
17187
17192
17196
17201
17206
17210
17215
17220
17224
17229
17234
17238
17243
17248
17252
17257
17262
17266
17271
17276

17280
17285
17290
17294
17299
17304
17308
17313
17318
17322
17327
17332
17336
17341
17346
17350
17355
17360
17364
17369
17374
17378
17383
17388
17392

17397
17402
17406
17411
17416
17420
17425
17430
17434
17439
17444
17448
17453
17458
17462
17467
17472
17476
17481
17486
17490
17495
17500
17504
17509

17514
17518
17523
17528
17532
17537
17542
17546
17551
17556
17560
17565
17570
17574
17579
17584
17588
17593
17598
17602
17607
17612
17616
17621
17626

17630
17635
17640
17644
17649
17654
17658
17663
17668
17672
17677
17682
17686
17691
17696
17700
17705
17710
17714
17719
17724
17728
17733
17738
17742

17747
17752
17756
17761
17766
17770
17775
17780
17784
17789
17794
17798
17803
17808
17813
17817
17822
17827
17831
17836
17841
17845
17850
17855
17859

17864
17869
17873
17878
17883
17887
17892
17897
17901
17906
17911
17915
17920
17925
17929
17934
17939
17943
17948
17953
17957
17962
17967
17971
17976

17981
17985
17990
17995
17999
18004
18009
18013
18018
18023
18027
18032
18037
18041
18046
18051
18055
18060
18065
18069
18074
18079
18083
18088
18093

18097
18102
18107
18111
18116
18121
18125
18130
18135
18139
18144
18149
18153
18158
18163
18167
18172
18177
18181
18186
18191
18195
18200
18205
18209

18214
18219
18223
18228
18233
18237
18242
18247
18251
18256
18261
18265
18270
18275
18279
18284
18289
18293
18298
18303
18307
18312
18317
18321
18326

18331
18335
18340
18345
18349
18354
18359
18363
18368
18373
18377
18382
18387
18391
18396
18401
18405
18410
18415
18420
18424
18429
18434
18438
18443

18448
18452
18457
18462
18466
18471
18476
18480
18485
18490
18494
18499
18504
18508
18513
18518
18522
18527
18532
18536
18541
18546
18550
18555
18560

18564
18569
18574
18578
18583
18588
18592
18597
18602
18606
18611
18616
18620
18625
18630
18634
18639
18644
18648
18653
18658
18662
18667
18672
18676

18681
18686
18690
18695
18700
18704
18709
18714
18718
18723
18728
18732
18737
18742
18746
18751
18756
18760
18765
18770
18774
18779
18784
18788
18793

18798
18802
18807
18812
18816
18821
18826
18830
18835
18840
18844
18849
18854
18858
18863
18868
18872
18877
18882
18886
18891
18896
18900
18905
18910

18914
18919
18924
18928
18933
18938
18942
18947
18952
18956
18961
18966
18970
18975
18980
18984
18989
18994
18998
19003
19008
19012
19017
19022
19026

19031
19036
19041
19045
19050
19055
19059
19064
19069
19073
19078
19083
19087
19092
19097
19101
19106
19111
19115
19120
19125
19129
19134
19139
19143

19148
19153
19157
19162
19167
19171
19176
19181
19185
19190
19195
19199
19204
19209
19213
19218
19223
19227
19232
19237
19241
19246
19251
19255
19260

19265
19269
19274
19279
19283
19288
19293
19297
19302
19307
19311
19316
19321
19325
19330
19335
19339
19344
19349
19353
19358
19363
19367
19372
19377

19381
19386
19391
19395
19400
19405
19409
19414
19419
19423
19428
19433
19437
19442
19447
19451
19456
19461
19465
19470
19475
19479
19484
19489
19493

19498
19503
19507
19512
19517
19521
19526
19531
19535
19540
19545
19549
19554
19559
19563
19568
19573
19577
19582
19587
19591
19596
19601
19605
19610

19615
19619
19624
19629
19633
19638
19643
19648
19652
19657
19662
19666
19671
19676
19680
19685
19690
19694
19699
19704
19708
19713
19718
19722
19727

19732
19736
19741
19746
19750
19755
19760
19764
19769
19774
19778
19783
19788
19792
19797
19802
19806
19811
19816
19820
19825
19830
19834
19839
19844

19848
19853
19858
19862
19867
19872
19876
19881
19886
19890
19895
19900
19904
19909
19914
19918
19923
19928
19932
19937
19942
19946
19951
19956
19960

19965
19970
19974
19979
19984
19988
19993
19998
20002
20007
20012
20016
20021
20026
20030
20035
20040
20044
20049
20054
20058
20063
20068
20072
20077

20082
20086
20091
20096
20100
20105
20110
20114
20119
20124
20128
20133
20138
20142
20147
20152
20156
20161
20166
20170
20175
20180
20184
20189
20194

20198
20203
20208
20212
20217
20222
20226
20231
20236
20240
20245
20250
20254
20259
20264
20269
20273
20278
20283
20287
20292
20297
20301
20306
20311

20315
20320
20325
20329
20334
20339
20343
20348
20353
20357
20362
20367
20371
20376
20381
20385
20390
20395
20399
20404
20409
20413
20418
20423
20427

20432
20437
20441
20446
20451
20455
20460
20465
20469
20474
20479
20483
20488
20493
20497
20502
20507
20511
20516
20521
20525
20530
20535
20539
20544

20549
20553
20558
20563
20567
20572
20577
20581
20586
20591
20595
20600
20605
20609
20614
20619
20623
20628
20633
20637
20642
20647
20651
20656
20661

20665
20670
20675
20679
20684
20689
20693
20698
20703
20707
20712
20717
20721
20726
20731
20735
20740
20745
20749
20754
20759
20763
20768
20773
20777

20782
20787
20791
20796
20801
20805
20810
20815
20819
20824
20829
20833
20838
20843
20847
20852
20857
20861
20866
20871
20876
20880
20885
20890
20894

20899
20904
20908
20913
20918
20922
20927
20932
20936
20941
20946
20950
20955
20960
20964
20969
20974
20978
20983
20988
20992
20997
21002
21006
21011

21016
21020
21025
21030
21034
21039
21044
21048
21053
21058
21062
21067
21072
21076
21081
21086
21090
21095
21100
21104
21109
21114
21118
21123
21128

21132
21137
21142
21146
21151
21156
21160
21165
21170
21174
21179
21184
21188
21193
21198
21202
21207
21212
21216
21221
21226
21230
21235
21240
21244

21249
21254
21258
21263
21268
21272
21277
21282
21286
21291
21296
21300
21305
21310
21314
21319
21324
21328
21333
21338
21342
21347
21352
21356
21361

21366
21370
21375
21380
21384
21389
21394
21398
21403
21408
21412
21417
21422
21426
21431
21436
21440
21445
21450
21454
21459
21464
21468
21473
21478

21482
21487
21492
21497
21501
21506
21511
21515
21520
21525
21529
21534
21539
21543
21548
21553
21557
21562
21567
21571
21576
21581
21585
21590
21595

21599
21604
21609
21613
21618
21623
21627
21632
21637
21641
21646
21651
21655
21660
21665
21669
21674
21679
21683
21688
21693
21697
21702
21707
21711

21716
21721
21725
21730
21735
21739
21744
21749
21753
21758
21763
21767
21772
21777
21781
21786
21791
21795
21800
21805
21809
21814
21819
21823
21828

21833
21837
21842
21847
21851
21856
21861
21865
21870
21875
21879
21884
21889
21893
21898
21903
21907
21912
21917
21921
21926
21931
21935
21940
21945

21949
21954
21959
21963
21968
21973
21977
21982
21987
21991
21996
22001
22005
22010
22015
22019
22024
22029
22033
22038
22043
22047
22052
22057
22061

22066
22071
22075
22080
22085
22089
22094
22099
22104
22108
22113
22118
22122
22127
22132
22136
22141
22146
22150
22155
22160
22164
22169
22174
22178

22183
22188
22192
22197
22202
22206
22211
22216
22220
22225
22230
22234
22239
22244
22248
22253
22258
22262
22267
22272
22276
22281
22286
22290
22295

22300
22304
22309
22314
22318
22323
22328
22332
22337
22342
22346
22351
22356
22360
22365
22370
22374
22379
22384
22388
22393
22398
22402
22407
22412

22416
22421
22426
22430
22435
22440
22444
22449
22454
22458
22463
22468
22472
22477
22482
22486
22491
22496
22500
22505
22510
22514
22519
22524
22528

22533
22538
22542
22547
22552
22556
22561
22566
22570
22575
22580
22584
22589
22594
22598
22603
22608
22612
22617
22622
22626
22631
22636
22640
22645

22650
22654
22659
22664
22668
22673
22678
22682
22687
22692
22696
22701
22706
22710
22715
22720
22725
22729
22734
22739
22743
22748
22753
22757
22762

22767
22771
22776
22781
22785
22790
22795
22799
22804
22809
22813
22818
22823
22827
22832
22837
22841
22846
22851
22855
22860
22865
22869
22874
22879

22883
22888
22893
22897
22902
22907
22911
22916
22921
22925
22930
22935
22939
22944
22949
22953
22958
22963
22967
22972
22977
22981
22986
22991
22995

23000
23005
23009
23014
23019
23023
23028
23033
23037
23042
23047
23051
23056
23061
23065
23070
23075
23079
23084
23089
23093
23098
23103
23107
23112

23117
23121
23126
23131
23135
23140
23145
23149
23154
23159
23163
23168
23173
23177
23182
23187
23191
23196
23201
23205
23210
23215
23219
23224
23229

23233
23238
23243
23247
23252
23257
23261
23266
23271
23275
23280
23285
23289
23294
23299
23303
23308
23313
23317
23322
23327
23332
23336
23341
23346

23350
23355
23360
23364
23369
23374
23378
23383
23388
23392
23397
23402
23406
23411
23416
23420
23425
23430
23434
23439
23444
23448
23453
23458
23462

23467
23472
23476
23481
23486
23490
23495
23500
23504
23509
23514
23518
23523
23528
23532
23537
23542
23546
23551
23556
23560
23565
23570
23574
23579

23584
23588
23593
23598
23602
23607
23612
23616
23621
23626
23630
23635
23640
23644
23649
23654
23658
23663
23668
23672
23677
23682
23686
23691
23696

23700
23705
23710
23714
23719
23724
23728
23733
23738
23742
23747
23752
23756
23761
23766
23770
23775
23780
23784
23789
23794
23798
23803
23808
23812

23817
23822
23826
23831
23836
23840
23845
23850
23854
23859
23864
23868
23873
23878
23882
23887
23892
23896
23901
23906
23910
23915
23920
23924
23929

23934
23938
23943
23948
23953
23957
23962
23967
23971
23976
23981
23985
23990
23995
23999
24004
24009
24013
24018
24023
24027
24032
24037
24041
24046

24051
24055
24060
24065
24069
24074
24079
24083
24088
24093
24097
24102
24107
24111
24116
24121
24125
24130
24135
24139
24144
24149
24153
24158
24163

24167
24172
24177
24181
24186
24191
24195
24200
24205
24209
24214
24219
24223
24228
24233
24237
24242
24247
24251
24256
24261
24265
24270
24275
24279

24284
24289
24293
24298
24303
24307
24312
24317
24321
24326
24331
24335
24340
24345
24349
24354
24359
24363
24368
24373
24377
24382
24387
24391
24396

24401
24405
24410
24415
24419
24424
24429
24433
24438
24443
24447
24452
24457
24461
24466
24471
24475
24480
24485
24489
24494
24499
24503
24508
24513

24517
24522
24527
24531
24536
24541
24545
24550
24555
24560
24564
24569
24574
24578
24583
24588
24592
24597
24602
24606
24611
24616
24620
24625
24630

24634
24639
24644
24648
24653
24658
24662
24667
24672
24676
24681
24686
24690
24695
24700
24704
24709
24714
24718
24723
24728
24732
24737
24742
24746

24751
24756
24760
24765
24770
24774
24779
24784
24788
24793
24798
24802
24807
24812
24816
24821
24826
24830
24835
24840
24844
24849
24854
24858
24863

24868
24872
24877
24882
24886
24891
24896
24900
24905
24910
24914
24919
24924
24928
24933
24938
24942
24947
24952
24956
24961
24966
24970
24975
24980

24984
24989
24994
24998
25003
25008
25012
25017
25022
25026
25031
25036
25040
25045
25050
25054
25059
25064
25068
25073
25078
25082
25087
25092
25096

25101
25106
25110
25115
25120
25124
25129
25134
25138
25143
25148
25152
25157
25162
25166
25171
25176
25181
25185
25190
25195
25199
25204
25209
25213

25218
25223
25227
25232
25237
25241
25246
25251
25255
25260
25265
25269
25274
25279
25283
25288
25293
25297
25302
25307
25311
25316
25321
25325
25330

25335
25339
25344
25349
25353
25358
25363
25367
25372
25377
25381
25386
25391
25395
25400
25405
25409
25414
25419
25423
25428
25433
25437
25442
25447

25451
25456
25461
25465
25470
25475
25479
25484
25489
25493
25498
25503
25507
25512
25517
25521
25526
25531
25535
25540
25545
25549
25554
25559
25563

25568
25573
25577
25582
25587
25591
25596
25601
25605
25610
25615
25619
25624
25629
25633
25638
25643
25647
25652
25657
25661
25666
25671
25675
25680

25685
25689
25694
25699
25703
25708
25713
25717
25722
25727
25731
25736
25741
25745
25750
25755
25759
25764
25769
25773
25778
25783
25788
25792
25797

25802
25806
25811
25816
25820
25825
25830
25834
25839
25844
25848
25853
25858
25862
25867
25872
25876
25881
25886
25890
25895
25900
25904
25909
25914

25918
25923
25928
25932
25937
25942
25946
25951
25956
25960
25965
25970
25974
25979
25984
25988
25993
25998
26002
26007
26012
26016
26021
26026
26030

26035
26040
26044
26049
26054
26058
26063
26068
26072
26077
26082
26086
26091
26096
26100
26105
26110
26114
26119
26124
26128
26133
26138
26142
26147

26152
26156
26161
26166
26170
26175
26180
26184
26189
26194
26198
26203
26208
26212
26217
26222
26226
26231
26236
26240
26245
26250
26254
26259
26264

26268
26273
26278
26282
26287
26292
26296
26301
26306
26310
26315
26320
26324
26329
26334
26338
26343
26348
26352
26357
26362
26366
26371
26376
26380

26385
26390
26394
26399
26404
26409
26413
26418
26423
26427
26432
26437
26441
26446
26451
26455
26460
26465
26469
26474
26479
26483
26488
26493
26497

26502
26507
26511
26516
26521
26525
26530
26535
26539
26544
26549
26553
26558
26563
26567
26572
26577
26581
26586
26591
26595
26600
26605
26609
26614

26619
26623
26628
26633
26637
26642
26647
26651
26656
26661
26665
26670
26675
26679
26684
26689
26693
26698
26703
26707
26712
26717
26721
26726
26731

26735
26740
26745
26749
26754
26759
26763
26768
26773
26777
26782
26787
26791
26796
26801
26805
26810
26815
26819
26824
26829
26833
26838
26843
26847

26852
26857
26861
26866
26871
26875
26880
26885
26889
26894
26899
26903
26908
26913
26917
26922
26927
26931
26936
26941
26945
26950
26955
26959
26964

26969
26973
26978
26983
26987
26992
26997
27001
27006
27011
27016
27020
27025
27030
27034
27039
27044
27048
27053
27058
27062
27067
27072
27076
27081

27086
27090
27095
27100
27104
27109
27114
27118
27123
27128
27132
27137
27142
27146
27151
27156
27160
27165
27170
27174
27179
27184
27188
27193
27198

27202
27207
27212
27216
27221
27226
27230
27235
27240
27244
27249
27254
27258
27263
27268
27272
27277
27282
27286
27291
27296
27300
27305
27310
27314

27319
27324
27328
27333
27338
27342
27347
27352
27356
27361
27366
27370
27375
27380
27384
27389
27394
27398
27403
27408
27412
27417
27422
27426
27431

27436
27440
27445
27450
27454
27459
27464
27468
27473
27478
27482
27487
27492
27496
27501
27506
27510
27515
27520
27524
27529
27534
27538
27543
27548

27552
27557
27562
27566
27571
27576
27580
27585
27590
27594
27599
27604
27608
27613
27618
27622
27627
27632
27637
27641
27646
27651
27655
27660
27665

27669
27674
27679
27683
27688
27693
27697
27702
27707
27711
27716
27721
27725
27730
27735
27739
27744
27749
27753
27758
27763
27767
27772
27777
27781

27786
27791
27795
27800
27805
27809
27814
27819
27823
27828
27833
27837
27842
27847
27851
27856
27861
27865
27870
27875
27879
27884
27889
27893
27898

27903
27907
27912
27917
27921
27926
27931
27935
27940
27945
27949
27954
27959
27963
27968
27973
27977
27982
27987
27991
27996
28001
28005
28010
28015

28019
28024
28029
28033
28038
28043
28047
28052
28057
28061
28066
28071
28075
28080
28085
28089
28094
28099
28103
28108
28113
28117
28122
28127
28131

28136
28141
28145
28150
28155
28159
28164
28169
28173
28178
28183
28187
28192
28197
28201
28206
28211
28215
28220
28225
28229
28234
28239
28244
28248

28253
28258
28262
28267
28272
28276
28281
28286
28290
28295
28300
28304
28309
28314
28318
28323
28328
28332
28337
28342
28346
28351
28356
28360
28365

28370
28374
28379
28384
28388
28393
28398
28402
28407
28412
28416
28421
28426
28430
28435
28440
28444
28449
28454
28458
28463
28468
28472
28477
28482

28486
28491
28496
28500
28505
28510
28514
28519
28524
28528
28533
28538
28542
28547
28552
28556
28561
28566
28570
28575
28580
28584
28589
28594
28598

28603
28608
28612
28617
28622
28626
28631
28636
28640
28645
28650
28654
28659
28664
28668
28673
28678
28682
28687
28692
28696
28701
28706
28710
28715

28720
28724
28729
28734
28738
28743
28748
28752
28757
28762
28766
28771
28776
28780
28785
28790
28794
28799
28804
28808
28813
28818
28822
28827
28832

28836
28841
28846
28850
28855
28860
28865
28869
28874
28879
28883
28888
28893
28897
28902
28907
28911
28916
28921
28925
28930
28935
28939
28944
28949

28953
28958
28963
28967
28972
28977
28981
28986
28991
28995
29000
29005
29009
29014
29019
29023
29028
29033
29037
29042
29047
29051
29056
29061
29065

29070
29075
29079
29084
29089
29093
29098
29103
29107
29112
29117
29121
29126
29131
29135
29140
29145
29149
29154
29159
29163
29168
29173
29177
29182

29187
29191
29196
29201
29205
29210
29215
29219
29224
29229
29233
29238
29243
29247
29252
29257
29261
29266
29271
29275
29280
29285
29289
29294
29299

29303
29308
29313
29317
29322
29327
29331
29336
29341
29345
29350
29355
29359
29364
29369
29373
29378
29383
29387
29392
29397
29401
29406
29411
29415

29420
29425
29429
29434
29439
29443
29448
29453
29457
29462
29467
29472
29476
29481
29486
29490
29495
29500
29504
29509
29514
29518
29523
29528
29532

29537
29542
29546
29551
29556
29560
29565
29570
29574
29579
29584
29588
29593
29598
29602
29607
29612
29616
29621
29626
29630
29635
29640
29644
29649

29654
29658
29663
29668
29672
29677
29682
29686
29691
29696
29700
29705
29710
29714
29719
29724
29728
29733
29738
29742
29747
29752
29756
29761
29766

29770
29775
29780
29784
29789
29794
29798
29803
29808
29812
29817
29822
29826
29831
29836
29840
29845
29850
29854
29859
29864
29868
29873
29878
29882

29887
29892
29896
29901
29906
29910
29915
29920
29924
29929
29934
29938
29943
29948
29952
29957
29962
29966
29971
29976
29980
29985
29990
29994
29999

30004
30008
30013
30018
30022
30027
30032
30036
30041
30046
30050
30055
30060
30064
30069
30074
30078
30083
30088
30093
30097
30102
30107
30111
30116

30121
30125
30130
30135
30139
30144
30149
30153
30158
30163
30167
30172
30177
30181
30186
30191
30195
30200
30205
30209
30214
30219
30223
30228
30233

30237
30242
30247
30251
30256
30261
30265
30270
30275
30279
30284
30289
30293
30298
30303
30307
30312
30317
30321
30326
30331
30335
30340
30345
30349

30354
30359
30363
30368
30373
30377
30382
30387
30391
30396
30401
30405
30410
30415
30419
30424
30429
30433
30438
30443
30447
30452
30457
30461
30466

30471
30475
30480
30485
30489
30494
30499
30503
30508
30513
30517
30522
30527
30531
30536
30541
30545
30550
30555
30559
30564
30569
30573
30578
30583

30587
30592
30597
30601
30606
30611
30615
30620
30625
30629
30634
30639
30643
30648
30653
30657
30662
30667
30671
30676
30681
30685
30690
30695
30700

30704
30709
30714
30718
30723
30728
30732
30737
30742
30746
30751
30756
30760
30765
30770
30774
30779
30784
30788
30793
30798
30802
30807
30812
30816

30821
30826
30830
30835
30840
30844
30849
30854
30858
30863
30868
30872
30877
30882
30886
30891
30896
30900
30905
30910
30914
30919
30924
30928
30933

30938
30942
30947
30952
30956
30961
30966
30970
30975
30980
30984
30989
30994
30998
31003
31008
31012
31017
31022
31026
31031
31036
31040
31045
31050

31054
31059
31064
31068
31073
31078
31082
31087
31092
31096
31101
31106
31110
31115
31120
31124
31129
31134
31138
31143
31148
31152
31157
31162
31166

31171
31176
31180
31185
31190
31194
31199
31204
31208
31213
31218
31222
31227
31232
31236
31241
31246
31250
31255
31260
31264
31269
31274
31278
31283

31288
31292
31297
31302
31306
31311
31316
31321
31325
31330
31335
31339
31344
31349
31353
31358
31363
31367
31372
31377
31381
31386
31391
31395
31400

31405
31409
31414
31419
31423
31428
31433
31437
31442
31447
31451
31456
31461
31465
31470
31475
31479
31484
31489
31493
31498
31503
31507
31512
31517

31521
31526
31531
31535
31540
31545
31549
31554
31559
31563
31568
31573
31577
31582
31587
31591
31596
31601
31605
31610
31615
31619
31624
31629
31633

31638
31643
31647
31652
31657
31661
31666
31671
31675
31680
31685
31689
31694
31699
31703
31708
31713
31717
31722
31727
31731
31736
31741
31745
31750

31755
31759
31764
31769
31773
31778
31783
31787
31792
31797
31801
31806
31811
31815
31820
31825
31829
31834
31839
31843
31848
31853
31857
31862
31867

31871
31876
31881
31885
31890
31895
31899
31904
31909
31913
31918
31923
31928
31932
31937
31942
31946
31951
31956
31960
31965
31970
31974
31979
31984

31988
31993
31998
32002
32007
32012
32016
32021
32026
32030
32035
32040
32044
32049
32054
32058
32063
32068
32072
32077
32082
32086
32091
32096
32100

32105
32110
32114
32119
32124
32128
32133
32138
32142
32147
32152
32156
32161
32166
32170
32175
32180
32184
32189
32194
32198
32203
32208
32212
32217

32222
32226
32231
32236
32240
32245
32250
32254
32259
32264
32268
32273
32278
32282
32287
32292
32296
32301
32306
32310
32315
32320
32324
32329
32334

32338
32343
32348
32352
32357
32362
32366
32371
32376
32380
32385
32390
32394
32399
32404
32408
32413
32418
32422
32427
32432
32436
32441
32446
32450

32455
32460
32464
32469
32474
32478
32483
32488
32492
32497
32502
32506
32511
32516
32520
32525
32530
32534
32539
32544
32549
32553
32558
32563
32567

32572
32577
32581
32586
32591
32595
32600
32605
32609
32614
32619
32623
32628
32633
32637
32642
32647
32651
32656
32661
32665
32670
32675
32679
32684

32689
32693
32698
32703
32707
32712
32717
32721
32726
32731
32735
32740
32745
32749
32754
32759
32763
32768
32773
32777
32782
32787
32791
32796
32801

32805
32810
32815
32819
32824
32829
32833
32838
32843
32847
32852
32857
32861
32866
32871
32875
32880
32885
32889
32894
32899
32903
32908
32913
32917

32922
32927
32931
32936
32941
32945
32950
32955
32959
32964
32969
32973
32978
32983
32987
32992
32997
33001
33006
33011
33015
33020
33025
33029
33034

33039
33043
33048
33053
33057
33062
33067
33071
33076
33081
33085
33090
33095
33099
33104
33109
33113
33118
33123
33127
33132
33137
33141
33146
33151

33156
33160
33165
33170
33174
33179
33184
33188
33193
33198
33202
33207
33212
33216
33221
33226
33230
33235
33240
33244
33249
33254
33258
33263
33268

33272
33277
33282
33286
33291
33296
33300
33305
33310
33314
33319
33324
33328
33333
33338
33342
33347
33352
33356
33361
33366
33370
33375
33380
33384

33389
33394
33398
33403
33408
33412
33417
33422
33426
33431
33436
33440
33445
33450
33454
33459
33464
33468
33473
33478
33482
33487
33492
33496
33501

33506
33510
33515
33520
33524
33529
33534
33538
33543
33548
33552
33557
33562
33566
33571
33576
33580
33585
33590
33594
33599
33604
33608
33613
33618

33622
33627
33632
33636
33641
33646
33650
33655
33660
33664
33669
33674
33678
33683
33688
33692
33697
33702
33706
33711
33716
33720
33725
33730
33734

33739
33744
33748
33753
33758
33762
33767
33772
33777
33781
33786
33791
33795
33800
33805
33809
33814
33819
33823
33828
33833
33837
33842
33847
33851

33856
33861
33865
33870
33875
33879
33884
33889
33893
33898
33903
33907
33912
33917
33921
33926
33931
33935
33940
33945
33949
33954
33959
33963
33968

33973
33977
33982
33987
33991
33996
34001
34005
34010
34015
34019
34024
34029
34033
34038
34043
34047
34052
34057
34061
34066
34071
34075
34080
34085

34089
34094
34099
34103
34108
34113
34117
34122
34127
34131
34136
34141
34145
34150
34155
34159
34164
34169
34173
34178
34183
34187
34192
34197
34201

34206
34211
34215
34220
34225
34229
34234
34239
34243
34248
34253
34257
34262
34267
34271
34276
34281
34285
34290
34295
34299
34304
34309
34313
34318

34323
34327
34332
34337
34341
34346
34351
34355
34360
34365
34369
34374
34379
34384
34388
34393
34398
34402
34407
34412
34416
34421
34426
34430
34435

34440
34444
34449
34454
34458
34463
34468
34472
34477
34482
34486
34491
34496
34500
34505
34510
34514
34519
34524
34528
34533
34538
34542
34547
34552

34556
34561
34566
34570
34575
34580
34584
34589
34594
34598
34603
34608
34612
34617
34622
34626
34631
34636
34640
34645
34650
34654
34659
34664
34668

34673
34678
34682
34687
34692
34696
34701
34706
34710
34715
34720
34724
34729
34734
34738
34743
34748
34752
34757
34762
34766
34771
34776
34780
34785

34790
34794
34799
34804
34808
34813
34818
34822
34827
34832
34836
34841
34846
34850
34855
34860
34864
34869
34874
34878
34883
34888
34892
34897
34902

34906
34911
34916
34920
34925
34930
34934
34939
34944
34948
34953
34958
34962
34967
34972
34976
34981
34986
34990
34995
35000
35005
35009
35014
35019

35023
35028
35033
35037
35042
35047
35051
35056
35061
35065
35070
35075
35079
35084
35089
35093
35098
35103
35107
35112
35117
35121
35126
35131
35135

35140
35145
35149
35154
35159
35163
35168
35173
35177
35182
35187
35191
35196
35201
35205
35210
35215
35219
35224
35229
35233
35238
35243
35247
35252

35257
35261
35266
35271
35275
35280
35285
35289
35294
35299
35303
35308
35313
35317
35322
35327
35331
35336
35341
35345
35350
35355
35359
35364
35369

35373
35378
35383
35387
35392
35397
35401
35406
35411
35415
35420
35425
35429
35434
35439
35443
35448
35453
35457
35462
35467
35471
35476
35481
35485

35490
35495
35499
35504
35509
35513
35518
35523
35527
35532
35537
35541
35546
35551
35555
35560
35565
35569
35574
35579
35583
35588
35593
35597
35602

35607
35612
35616
35621
35626
35630
35635
35640
35644
35649
35654
35658
35663
35668
35672
35677
35682
35686
35691
35696
35700
35705
35710
35714
35719

35724
35728
35733
35738
35742
35747
35752
35756
35761
35766
35770
35775
35780
35784
35789
35794
35798
35803
35808
35812
35817
35822
35826
35831
35836

35840
35845
35850
35854
35859
35864
35868
35873
35878
35882
35887
35892
35896
35901
35906
35910
35915
35920
35924
35929
35934
35938
35943
35948
35952

35957
35962
35966
35971
35976
35980
35985
35990
35994
35999
36004
36008
36013
36018
36022
36027
36032
36036
36041
36046
36050
36055
36060
36064
36069

36074
36078
36083
36088
36092
36097
36102
36106
36111
36116
36120
36125
36130
36134
36139
36144
36148
36153
36158
36162
36167
36172
36176
36181
36186

36190
36195
36200
36204
36209
36214
36218
36223
36228
36233
36237
36242
36247
36251
36256
36261
36265
36270
36275
36279
36284
36289
36293
36298
36303

36307
36312
36317
36321
36326
36331
36335
36340
36345
36349
36354
36359
36363
36368
36373
36377
36382
36387
36391
36396
36401
36405
36410
36415
36419

36424
36429
36433
36438
36443
36447
36452
36457
36461
36466
36471
36475
36480
36485
36489
36494
36499
36503
36508
36513
36517
36522
36527
36531
36536

36541
36545
36550
36555
36559
36564
36569
36573
36578
36583
36587
36592
36597
36601
36606
36611
36615
36620
36625
36629
36634
36639
36643
36648
36653

36657
36662
36667
36671
36676
36681
36685
36690
36695
36699
36704
36709
36713
36718
36723
36727
36732
36737
36741
36746
36751
36755
36760
36765
36769

36774
36779
36783
36788
36793
36797
36802
36807
36811
36816
36821
36825
36830
36835
36840
36844
36849
36854
36858
36863
36868
36872
36877
36882
36886

36891
36896
36900
36905
36910
36914
36919
36924
36928
36933
36938
36942
36947
36952
36956
36961
36966
36970
36975
36980
36984
36989
36994
36998
37003

37008
37012
37017
37022
37026
37031
37036
37040
37045
37050
37054
37059
37064
37068
37073
37078
37082
37087
37092
37096
37101
37106
37110
37115
37120

37124
37129
37134
37138
37143
37148
37152
37157
37162
37166
37171
37176
37180
37185
37190
37194
37199
37204
37208
37213
37218
37222
37227
37232
37236

37241
37246
37250
37255
37260
37264
37269
37274
37278
37283
37288
37292
37297
37302
37306
37311
37316
37320
37325
37330
37334
37339
37344
37348
37353

37358
37362
37367
37372
37376
37381
37386
37390
37395
37400
37404
37409
37414
37418
37423
37428
37432
37437
37442
37446
37451
37456
37461
37465
37470

37475
37479
37484
37489
37493
37498
37503
37507
37512
37517
37521
37526
37531
37535
37540
37545
37549
37554
37559
37563
37568
37573
37577
37582
37587

37591
37596
37601
37605
37610
37615
37619
37624
37629
37633
37638
37643
37647
37652
37657
37661
37666
37671
37675
37680
37685
37689
37694
37699
37703

37708
37713
37717
37722
37727
37731
37736
37741
37745
37750
37755
37759
37764
37769
37773
37778
37783
37787
37792
37797
37801
37806
37811
37815
37820

37825
37829
37834
37839
37843
37848
37853
37857
37862
37867
37871
37876
37881
37885
37890
37895
37899
37904
37909
37913
37918
37923
37927
37932
37937

37941
37946
37951
37955
37960
37965
37969
37974
37979
37983
37988
37993
37997
38002
38007
38011
38016
38021
38025
38030
38035
38039
38044
38049
38053

38058
38063
38068
38072
38077
38082
38086
38091
38096
38100
38105
38110
38114
38119
38124
38128
38133
38138
38142
38147
38152
38156
38161
38166
38170

38175
38180
38184
38189
38194
38198
38203
38208
38212
38217
38222
38226
38231
38236
38240
38245
38250
38254
38259
38264
38268
38273
38278
38282
38287

38292
38296
38301
38306
38310
38315
38320
38324
38329
38334
38338
38343
38348
38352
38357
38362
38366
38371
38376
38380
38385
38390
38394
38399
38404

38408
38413
38418
38422
38427
38432
38436
38441
38446
38450
38455
38460
38464
38469
38474
38478
38483
38488
38492
38497
38502
38506
38511
38516
38520

38525
38530
38534
38539
38544
38548
38553
38558
38562
38567
38572
38576
38581
38586
38590
38595
38600
38604
38609
38614
38618
38623
38628
38632
38637

38642
38646
38651
38656
38660
38665
38670
38674
38679
38684
38689
38693
38698
38703
38707
38712
38717
38721
38726
38731
38735
38740
38745
38749
38754

38759
38763
38768
38773
38777
38782
38787
38791
38796
38801
38805
38810
38815
38819
38824
38829
38833
38838
38843
38847
38852
38857
38861
38866
38871

38875
38880
38885
38889
38894
38899
38903
38908
38913
38917
38922
38927
38931
38936
38941
38945
38950
38955
38959
38964
38969
38973
38978
38983
38987

38992
38997
39001
39006
39011
39015
39020
39025
39029
39034
39039
39043
39048
39053
39057
39062
39067
39071
39076
39081
39085
39090
39095
39099
39104

39109
39113
39118
39123
39127
39132
39137
39141
39146
39151
39155
39160
39165
39169
39174
39179
39183
39188
39193
39197
39202
39207
39211
39216
39221

39225
39230
39235
39239
39244
39249
39253
39258
39263
39267
39272
39277
39281
39286
39291
39296
39300
39305
39310
39314
39319
39324
39328
39333
39338

39342
39347
39352
39356
39361
39366
39370
39375
39380
39384
39389
39394
39398
39403
39408
39412
39417
39422
39426
39431
39436
39440
39445
39450
39454

39459
39464
39468
39473
39478
39482
39487
39492
39496
39501
39506
39510
39515
39520
39524
39529
39534
39538
39543
39548
39552
39557
39562
39566
39571

39576
39580
39585
39590
39594
39599
39604
39608
39613
39618
39622
39627
39632
39636
39641
39646
39650
39655
39660
39664
39669
39674
39678
39683
39688

39692
39697
39702
39706
39711
39716
39720
39725
39730
39734
39739
39744
39748
39753
39758
39762
39767
39772
39776
39781
39786
39790
39795
39800
39804

39809
39814
39818
39823
39828
39832
39837
39842
39846
39851
39856
39860
39865
39870
39874
39879
39884
39888
39893
39898
39902
39907
39912
39917
39921

39926
39931
39935
39940
39945
39949
39954
39959
39963
39968
39973
39977
39982
39987
39991
39996
40001
40005
40010
40015
40019
40024
40029
40033
40038

40043
40047
40052
40057
40061
40066
40071
40075
40080
40085
40089
40094
40099
40103
40108
40113
40117
40122
40127
40131
40136
40141
40145
40150
40155

40159
40164
40169
40173
40178
40183
40187
40192
40197
40201
40206
40211
40215
40220
40225
40229
40234
40239
40243
40248
40253
40257
40262
40267
40271

40276
40281
40285
40290
40295
40299
40304
40309
40313
40318
40323
40327
40332
40337
40341
40346
40351
40355
40360
40365
40369
40374
40379
40383
40388

40393
40397
40402
40407
40411
40416
40421
40425
40430
40435
40439
40444
40449
40453
40458
40463
40467
40472
40477
40481
40486
40491
40495
40500
40505

40509
40514
40519
40524
40528
40533
40538
40542
40547
40552
40556
40561
40566
40570
40575
40580
40584
40589
40594
40598
40603
40608
40612
40617
40622

40626
40631
40636
40640
40645
40650
40654
40659
40664
40668
40673
40678
40682
40687
40692
40696
40701
40706
40710
40715
40720
40724
40729
40734
40738

40743
40748
40752
40757
40762
40766
40771
40776
40780
40785
40790
40794
40799
40804
40808
40813
40818
40822
40827
40832
40836
40841
40846
40850
40855

40860
40864
40869
40874
40878
40883
40888
40892
40897
40902
40906
40911
40916
40920
40925
40930
40934
40939
40944
40948
40953
40958
40962
40967
40972

40976
40981
40986
40990
40995
41000
41004
41009
41014
41018
41023
41028
41032
41037
41042
41046
41051
41056
41060
41065
41070
41074
41079
41084
41088

41093
41098
41102
41107
41112
41116
41121
41126
41130
41135
41140
41145
41149
41154
41159
41163
41168
41173
41177
41182
41187
41191
41196
41201
41205

41210
41215
41219
41224
41229
41233
41238
41243
41247
41252
41257
41261
41266
41271
41275
41280
41285
41289
41294
41299
41303
41308
41313
41317
41322

41327
41331
41336
41341
41345
41350
41355
41359
41364
41369
41373
41378
41383
41387
41392
41397
41401
41406
41411
41415
41420
41425
41429
41434
41439

41443
41448
41453
41457
41462
41467
41471
41476
41481
41485
41490
41495
41499
41504
41509
41513
41518
41523
41527
41532
41537
41541
41546
41551
41555

41560
41565
41569
41574
41579
41583
41588
41593
41597
41602
41607
41611
41616
41621
41625
41630
41635
41639
41644
41649
41653
41658
41663
41667
41672

41677
41681
41686
41691
41695
41700
41705
41709
41714
41719
41723
41728
41733
41737
41742
41747
41752
41756
41761
41766
41770
41775
41780
41784
41789

41794
41798
41803
41808
41812
41817
41822
41826
41831
41836
41840
41845
41850
41854
41859
41864
41868
41873
41878
41882
41887
41892
41896
41901
41906

41910
41915
41920
41924
41929
41934
41938
41943
41948
41952
41957
41962
41966
41971
41976
41980
41985
41990
41994
41999
42004
42008
42013
42018
42022

42027
42032
42036
42041
42046
42050
42055
42060
42064
42069
42074
42078
42083
42088
42092
42097
42102
42106
42111
42116
42120
42125
42130
42134
42139

42144
42148
42153
42158
42162
42167
42172
42176
42181
42186
42190
42195
42200
42204
42209
42214
42218
42223
42228
42232
42237
42242
42246
42251
42256

42260
42265
42270
42274
42279
42284
42288
42293
42298
42302
42307
42312
42316
42321
42326
42330
42335
42340
42344
42349
42354
42358
42363
42368
42373

42377
42382
42387
42391
42396
42401
42405
42410
42415
42419
42424
42429
42433
42438
42443
42447
42452
42457
42461
42466
42471
42475
42480
42485
42489

42494
42499
42503
42508
42513
42517
42522
42527
42531
42536
42541
42545
42550
42555
42559
42564
42569
42573
42578
42583
42587
42592
42597
42601
42606

42611
42615
42620
42625
42629
42634
42639
42643
42648
42653
42657
42662
42667
42671
42676
42681
42685
42690
42695
42699
42704
42709
42713
42718
42723

42727
42732
42737
42741
42746
42751
42755
42760
42765
42769
42774
42779
42783
42788
42793
42797
42802
42807
42811
42816
42821
42825
42830
42835
42839

42844
42849
42853
42858
42863
42867
42872
42877
42881
42886
42891
42895
42900
42905
42909
42914
42919
42923
42928
42933
42937
42942
42947
42951
42956

42961
42965
42970
42975
42980
42984
42989
42994
42998
43003
43008
43012
43017
43022
43026
43031
43036
43040
43045
43050
43054
43059
43064
43068
43073

43078
43082
43087
43092
43096
43101
43106
43110
43115
43120
43124
43129
43134
43138
43143
43148
43152
43157
43162
43166
43171
43176
43180
43185
43190

43194
43199
43204
43208
43213
43218
43222
43227
43232
43236
43241
43246
43250
43255
43260
43264
43269
43274
43278
43283
43288
43292
43297
43302
43306

43311
43316
43320
43325
43330
43334
43339
43344
43348
43353
43358
43362
43367
43372
43376
43381
43386
43390
43395
43400
43404
43409
43414
43418
43423

43428
43432
43437
43442
43446
43451
43456
43460
43465
43470
43474
43479
43484
43488
43493
43498
43502
43507
43512
43516
43521
43526
43530
43535
43540

43544
43549
43554
43558
43563
43568
43572
43577
43582
43586
43591
43596
43601
43605
43610
43615
43619
43624
43629
43633
43638
43643
43647
43652
43657

43661
43666
43671
43675
43680
43685
43689
43694
43699
43703
43708
43713
43717
43722
43727
43731
43736
43741
43745
43750
43755
43759
43764
43769
43773

43778
43783
43787
43792
43797
43801
43806
43811
43815
43820
43825
43829
43834
43839
43843
43848
43853
43857
43862
43867
43871
43876
43881
43885
43890

43895
43899
43904
43909
43913
43918
43923
43927
43932
43937
43941
43946
43951
43955
43960
43965
43969
43974
43979
43983
43988
43993
43997
44002
44007

44011
44016
44021
44025
44030
44035
44039
44044
44049
44053
44058
44063
44067
44072
44077
44081
44086
44091
44095
44100
44105
44109
44114
44119
44123

44128
44133
44137
44142
44147
44151
44156
44161
44165
44170
44175
44179
44184
44189
44193
44198
44203
44208
44212
44217
44222
44226
44231
44236
44240

44245
44250
44254
44259
44264
44268
44273
44278
44282
44287
44292
44296
44301
44306
44310
44315
44320
44324
44329
44334
44338
44343
44348
44352
44357

44362
44366
44371
44376
44380
44385
44390
44394
44399
44404
44408
44413
44418
44422
44427
44432
44436
44441
44446
44450
44455
44460
44464
44469
44474

44478
44483
44488
44492
44497
44502
44506
44511
44516
44520
44525
44530
44534
44539
44544
44548
44553
44558
44562
44567
44572
44576
44581
44586
44590

44595
44600
44604
44609
44614
44618
44623
44628
44632
44637
44642
44646
44651
44656
44660
44665
44670
44674
44679
44684
44688
44693
44698
44702
44707

44712
44716
44721
44726
44730
44735
44740
44744
44749
44754
44758
44763
44768
44772
44777
44782
44786
44791
44796
44800
44805
44810
44814
44819
44824

44829
44833
44838
44843
44847
44852
44857
44861
44866
44871
44875
44880
44885
44889
44894
44899
44903
44908
44913
44917
44922
44927
44931
44936
44941

44945
44950
44955
44959
44964
44969
44973
44978
44983
44987
44992
44997
45001
45006
45011
45015
45020
45025
45029
45034
45039
45043
45048
45053
45057

45062
45067
45071
45076
45081
45085
45090
45095
45099
45104
45109
45113
45118
45123
45127
45132
45137
45141
45146
45151
45155
45160
45165
45169
45174

45179
45183
45188
45193
45197
45202
45207
45211
45216
45221
45225
45230
45235
45239
45244
45249
45253
45258
45263
45267
45272
45277
45281
45286
45291

45295
45300
45305
45309
45314
45319
45323
45328
45333
45337
45342
45347
45351
45356
45361
45365
45370
45375
45379
45384
45389
45393
45398
45403
45407

45412
45417
45421
45426
45431
45436
45440
45445
45450
45454
45459
45464
45468
45473
45478
45482
45487
45492
45496
45501
45506
45510
45515
45520
45524

45529
45534
45538
45543
45548
45552
45557
45562
45566
45571
45576
45580
45585
45590
45594
45599
45604
45608
45613
45618
45622
45627
45632
45636
45641

45646
45650
45655
45660
45664
45669
45674
45678
45683
45688
45692
45697
45702
45706
45711
45716
45720
45725
45730
45734
45739
45744
45748
45753
45758

45762
45767
45772
45776
45781
45786
45790
45795
45800
45804
45809
45814
45818
45823
45828
45832
45837
45842
45846
45851
45856
45860
45865
45870
45874

45879
45884
45888
45893
45898
45902
45907
45912
45916
45921
45926
45930
45935
45940
45944
45949
45954
45958
45963
45968
45972
45977
45982
45986
45991

45996
46000
46005
46010
46014
46019
46024
46028
46033
46038
46042
46047
46052
46057
46061
46066
46071
46075
46080
46085
46089
46094
46099
46103
46108

46113
46117
46122
46127
46131
46136
46141
46145
46150
46155
46159
46164
46169
46173
46178
46183
46187
46192
46197
46201
46206
46211
46215
46220
46225

46229
46234
46239
46243
46248
46253
46257
46262
46267
46271
46276
46281
46285
46290
46295
46299
46304
46309
46313
46318
46323
46327
46332
46337
46341

46346
46351
46355
46360
46365
46369
46374
46379
46383
46388
46393
46397
46402
46407
46411
46416
46421
46425
46430
46435
46439
46444
46449
46453
46458

46463
46467
46472
46477
46481
46486
46491
46495
46500
46505
46509
46514
46519
46523
46528
46533
46537
46542
46547
46551
46556
46561
46565
46570
46575

46579
46584
46589
46593
46598
46603
46607
46612
46617
46621
46626
46631
46635
46640
46645
46649
46654
46659
46664
46668
46673
46678
46682
46687
46692

